position	ref	alt	HGDP00988	HGDP00991	HGDP00992	HGDP00993	HGDP00994	HGDP01028	HGDP01029	HGDP01030	HGDP01031	HGDP01032	HGDP01033	HGDP01034	HGDP01035	HGDP01036
768448	G	A	1	0	0	1	2	2	0	2	2	0	1	2	2	0
769223	C	G	1	0	0	1	2	2	0	2	2	0	1	2	2	0
769374	G	A	1	0	0	1	2	2	0	2	2	0	1	2	2	0
770735	A	G	1	0	0	1	2	2	0	2	2	0	1	2	2	0
771823	T	C	1	0	0	1	2	2	0	2	2	0	1	2	2	0
771967	G	A	1	0	0	1	2	2	0	2	2	0	1	2	2	0
772016	G	A	1	0	0	1	2	2	0	2	2	0	1	2	2	0
772028	G	A	1	0	0	1	2	2	0	2	2	0	1	2	2	0
772148	G	A	1	0	0	1	2	2	0	2	2	0	1	2	2	0
772437	C	T	1	0	0	1	2	2	0	2	2	0	1	2	2	0
772614	T	C	1	0	0	1	2	2	0	2	2	0	1	2	2	0
772755	A	C	1	0	0	1	2	2	0	2	2	0	1	2	2	0
773170	G	A	1	0	0	1	2	2	0	2	2	0	1	2	2	0
773476	G	T	1	0	0	1	2	2	0	2	2	0	1	2	2	0
773692	A	G	1	0	0	1	2	2	0	2	2	0	1	2	2	0
773861	T	A	1	0	0	1	2	2	0	2	2	0	1	2	2	0
773998	C	T	1	0	0	1	2	2	0	2	2	0	1	2	2	0
774179	T	C	1	0	0	1	2	2	0	2	2	0	1	2	2	0
775181	A	G	1	0	0	1	2	2	0	2	2	0	1	2	2	0
775426	G	A	1	0	0	1	2	2	0	2	2	0	1	2	2	0
775607	T	G	1	0	0	1	2	2	0	2	2	0	1	2	2	0
776064	G	A	1	0	0	1	2	2	0	2	2	0	1	2	2	0
776112	T	C	1	0	0	1	2	2	0	2	2	0	1	2	2	0
776465	A	G	1	0	0	1	2	2	0	2	2	0	1	2	2	0
776499	A	G	1	0	0	1	2	2	0	2	2	0	1	2	2	0
776814	C	G	1	0	0	1	2	2	0	2	2	0	1	2	2	0
776816	G	A	1	0	0	1	2	2	0	2	2	0	1	2	2	0
777082	C	G	1	0	0	1	2	2	0	2	2	0	1	2	2	0
777122	A	T	1	0	0	1	2	2	0	2	2	0	1	2	2	0
777237	C	A	1	0	0	1	2	2	0	2	2	0	1	2	2	0
777361	T	C	1	0	0	1	2	2	0	2	2	0	1	2	2	0
777513	G	A	1	0	0	1	2	2	0	2	2	0	1	2	2	0
778745	A	G	1	0	0	1	2	2	0	2	2	0	1	2	2	0
779146	G	C	1	0	0	1	2	2	0	2	2	0	1	2	2	0
779286	C	A	1	0	0	1	2	2	0	2	2	0	1	2	2	0
779322	A	G	1	0	0	1	2	2	0	2	2	0	1	2	2	0
779744	T	G	1	0	0	1	2	2	0	2	2	0	1	2	2	0
780191	A	G	1	0	0	1	2	2	0	2	2	0	1	2	2	0
780229	T	C	1	0	0	1	2	2	0	2	2	0	1	2	2	0
780256	A	T	1	0	0	1	2	2	0	2	2	0	1	2	2	0
780782	A	G	1	0	0	1	2	2	0	2	2	0	1	2	2	0
780785	T	A	1	0	0	1	2	2	0	2	2	0	1	2	2	0
780843	A	G	1	0	0	1	2	2	0	2	2	0	1	2	2	0
780854	T	G	1	0	0	1	2	2	0	2	2	0	1	2	2	0
781540	T	C	1	0	0	1	2	2	0	2	2	0	1	2	2	0
781577	C	T	1	0	0	1	2	2	0	2	2	0	1	2	2	0
781581	C	T	1	0	0	1	2	2	0	2	2	0	1	2	2	0
781700	G	A	1	0	0	1	2	2	0	2	2	0	1	2	2	0
781718	A	G	1	0	0	1	2	2	0	2	2	0	1	2	2	0
782113	C	G	1	0	0	1	2	2	0	2	2	0	1	2	2	0
782225	G	A	1	0	0	1	2	2	0	2	2	0	1	2	2	0
782340	G	T	1	0	0	1	2	2	0	2	2	0	1	2	2	0
782396	A	G	1	0	0	1	2	2	0	2	2	0	1	2	2	0
782470	G	A	1	0	0	1	2	2	0	2	2	0	1	2	2	0
782528	T	C	1	0	0	1	2	2	0	2	2	0	1	2	2	0
782677	G	T	1	0	0	1	2	2	0	2	2	0	1	2	2	0
782981	C	T	1	0	0	1	2	2	0	2	2	0	1	2	2	0
783071	C	T	1	0	0	1	2	2	0	2	2	0	1	2	2	0
783175	G	A	1	0	0	1	2	2	0	2	2	0	1	2	2	0
783186	G	C	1	0	0	1	2	2	0	2	2	0	1	2	2	0
783757	A	C	1	0	0	1	2	2	0	2	2	0	1	2	2	0
783803	C	T	1	0	0	1	2	2	0	2	2	0	1	2	2	0
784751	G	A	1	0	0	1	2	2	0	2	2	0	1	2	2	0
785050	G	A	1	0	0	1	2	2	0	2	2	0	1	2	2	0
785140	A	C	1	0	0	1	2	2	0	2	2	0	1	2	2	0
785503	G	A	1	0	0	1	2	2	0	2	2	0	1	2	2	0
785580	A	G	1	0	0	1	2	2	0	2	2	0	1	2	2	0
785989	T	C	1	0	0	1	2	2	0	2	2	0	1	2	2	0
786987	T	G	1	0	0	1	2	2	0	2	2	0	1	2	2	0
787399	G	T	1	0	0	1	2	2	0	2	2	0	1	2	2	0
787507	G	A	1	0	0	1	2	2	0	2	2	0	1	2	2	0
787606	G	T	1	0	0	1	2	2	0	2	2	0	1	2	2	0
787685	G	T	1	0	0	1	2	2	0	2	2	0	1	2	2	0
788004	T	C	1	0	0	1	2	2	0	2	2	0	1	2	2	0
788037	T	C	1	0	0	1	2	2	0	2	2	0	1	2	2	0
788348	A	G	1	0	0	1	2	2	0	2	2	0	1	2	2	0
788595	C	G	1	0	0	1	2	2	0	2	2	0	1	2	2	0
789256	T	C	1	0	0	1	2	2	0	2	2	0	1	2	2	0
790049	G	A	1	0	0	1	2	2	0	2	2	0	1	2	2	0
790153	T	C	1	0	0	1	2	2	0	2	2	0	1	2	2	0
790188	G	A	1	0	0	1	2	2	0	2	2	0	1	2	2	0
790381	G	A	1	0	0	1	2	2	0	2	2	0	1	2	2	0
790465	G	A	1	0	0	1	2	2	0	2	2	0	1	2	2	0
790550	G	C	1	0	0	1	2	2	0	2	2	0	1	2	2	0
790656	A	G	1	0	0	1	2	2	0	2	2	0	1	2	2	0
790667	C	T	1	0	0	1	2	2	0	2	2	0	1	2	2	0
790782	C	G	1	0	0	1	2	2	0	2	2	0	1	2	2	0
790860	C	G	1	0	0	1	2	2	0	2	2	0	1	2	2	0
790887	G	A	1	0	0	1	2	2	0	2	2	0	1	2	2	0
790984	G	C	1	0	0	1	2	2	0	2	2	0	1	2	2	0
791191	G	A	1	0	0	1	2	2	0	2	2	0	1	2	2	0
791291	C	T	1	0	0	1	2	2	0	2	2	0	1	2	2	0
791303	G	A	1	0	0	1	2	2	0	2	2	0	1	2	2	0
791315	A	G	1	0	0	1	2	2	0	2	2	0	1	2	2	0
791328	G	A	1	0	0	1	2	2	0	2	2	0	1	2	2	0
791420	A	C	1	0	0	1	2	2	0	2	2	0	1	2	2	0
791715	A	G	1	0	0	1	2	2	0	2	2	0	1	2	2	0
791853	G	A	1	0	0	1	2	2	0	2	2	0	1	2	2	0
791858	G	A	1	0	0	1	2	2	0	2	2	0	1	2	2	0
791876	G	A	1	0	0	1	2	2	0	2	2	0	1	2	2	0
791932	C	T	1	0	0	1	2	2	0	2	2	0	1	2	2	0
791987	T	C	1	0	0	1	2	2	0	2	2	0	1	2	2	0
792263	A	G	1	0	0	1	2	2	0	2	2	0	1	2	2	0
793770	G	A	1	0	0	1	2	2	0	2	2	0	1	2	2	0
794616	T	C	1	0	0	1	2	2	0	2	2	0	1	2	2	0
794874	T	C	1	0	0	1	2	2	0	2	2	0	1	2	2	0
795420	G	A	1	0	0	1	2	2	0	2	2	0	1	2	2	0
795692	T	C	1	0	0	1	2	2	0	2	2	0	1	2	2	0
795988	C	T	1	0	0	1	2	2	0	2	2	0	1	2	2	0
796066	G	A	1	0	0	1	2	2	0	2	2	0	1	2	2	0
796176	G	C	1	0	0	1	2	2	0	2	2	0	1	2	2	0
796375	T	C	1	0	0	1	2	2	0	2	2	0	1	2	2	0
796767	G	A	1	0	0	1	2	2	0	2	2	0	1	2	2	0
797440	T	C	1	0	0	1	2	2	0	2	2	0	1	2	2	0
798026	C	T	1	0	0	1	2	2	0	2	2	0	1	2	2	0
798430	G	A	1	0	0	1	2	2	0	2	2	0	1	2	2	0
798801	G	A	1	0	0	1	2	2	0	2	2	0	1	2	2	0
798959	G	A	1	0	0	1	2	2	0	2	2	0	1	2	2	0
799499	T	C	1	0	0	1	2	2	0	2	2	0	1	2	2	0
799523	G	A	1	0	0	1	2	2	0	2	2	0	1	2	2	0
799727	G	A	1	0	0	1	2	2	0	2	2	0	1	2	2	0
800007	T	C	1	0	0	1	2	2	0	2	2	0	1	2	2	0
800383	C	T	1	0	0	1	2	2	0	2	2	0	1	2	2	0
800970	G	C	1	0	0	1	2	2	0	2	2	0	1	2	2	0
801044	A	C	1	0	0	1	2	2	0	2	2	0	1	2	2	0
801467	G	C	1	0	0	1	2	2	0	2	2	0	1	2	2	0
801777	G	A	1	0	0	1	2	2	0	2	2	0	1	2	2	0
801787	C	G	1	0	0	1	2	2	0	2	2	0	1	2	2	0
801943	C	T	1	0	0	1	2	2	0	2	2	0	1	2	2	0
802093	G	A	1	0	0	1	2	2	0	2	2	0	1	2	2	0
802496	C	T	1	0	0	1	2	2	0	2	2	0	1	2	2	0
803110	G	A	1	0	0	1	2	2	0	2	2	0	1	2	2	0
803582	G	T	1	0	0	1	2	2	0	2	2	0	1	2	2	0
803706	G	C	1	0	0	1	2	2	0	2	2	0	1	2	2	0
804540	T	C	1	0	0	1	2	2	0	2	2	0	1	2	2	0
804759	C	T	1	0	0	1	2	2	0	2	2	0	1	2	2	0
805109	G	A	1	0	0	1	2	2	0	2	2	0	1	2	2	0
805498	C	T	1	0	0	1	2	2	0	2	2	0	1	2	2	0
807579	G	T	1	0	0	1	2	2	0	2	2	0	1	2	2	0
807585	A	T	1	0	0	1	2	2	0	2	2	0	1	2	2	0
807728	C	A	1	0	0	1	2	2	0	2	2	0	1	2	2	0
807997	G	A	1	0	0	1	2	2	0	2	2	0	1	2	2	0
808289	A	T	1	0	0	1	2	2	0	2	2	0	1	2	2	0
808557	C	T	1	0	0	1	2	2	0	2	2	0	1	2	2	0
808631	G	A	1	0	0	1	2	2	0	2	2	0	1	2	2	0
808928	C	T	1	0	0	1	2	2	0	2	2	0	1	2	2	0
809690	G	A	1	0	0	1	2	2	0	2	2	0	1	2	2	0
809876	A	G	1	0	0	1	2	2	0	2	2	0	1	2	2	0
810029	G	A	1	0	0	1	2	2	0	2	2	0	1	2	2	0
810286	G	A	1	0	0	1	2	2	0	2	2	0	1	2	2	0
810780	G	C	1	0	0	1	2	2	0	2	2	0	1	2	2	0
810799	G	A	1	0	0	1	2	2	0	2	2	0	1	2	2	0
811136	G	C	1	0	0	1	2	2	0	2	2	0	1	2	2	0
812743	C	T	1	0	0	1	2	2	0	2	2	0	1	2	2	0
812751	T	C	1	0	0	1	2	2	0	2	2	0	1	2	2	0
813168	G	A	1	0	0	1	2	2	0	2	2	0	1	2	2	0
814028	G	A	1	0	0	1	2	2	0	2	2	0	1	2	2	0
816253	G	A	1	0	0	1	2	2	0	2	2	0	1	2	2	0
816493	A	G	1	0	0	1	2	2	0	2	2	0	1	2	2	0
817234	A	T	1	0	0	1	2	2	0	2	2	0	1	2	2	0
819398	G	T	1	0	0	1	2	2	0	2	2	0	1	2	2	0
819657	G	T	1	0	0	1	2	2	0	2	2	0	1	2	2	0
819869	T	C	1	0	0	1	2	2	0	2	2	0	1	2	2	0
819959	C	T	1	0	0	1	2	2	0	2	2	0	1	2	2	0
819962	A	G	1	0	0	1	2	2	0	2	2	0	1	2	2	0
819973	C	T	1	0	0	1	2	2	0	2	2	0	1	2	2	0
820584	C	T	1	0	0	1	2	2	0	2	2	0	1	2	2	0
820690	G	C	1	0	0	1	2	2	0	2	2	0	1	2	2	0
821520	A	G	1	0	0	1	2	2	0	2	2	0	1	2	2	0
821710	C	T	1	0	0	1	2	2	0	2	2	0	1	2	2	0
821840	A	C	1	0	0	1	2	2	0	2	2	0	1	2	2	0
821926	C	G	1	0	0	1	2	2	0	2	2	0	1	2	2	0
821948	T	C	1	0	0	1	2	2	0	2	2	0	1	2	2	0
822023	C	T	1	0	0	1	2	2	0	2	2	0	1	2	2	0
822544	G	T	1	0	0	1	2	2	0	2	2	0	1	2	2	0
823064	C	T	1	0	0	1	2	2	0	2	2	0	1	2	2	0
823160	C	T	1	0	0	1	2	2	0	2	2	0	1	2	2	0
823426	G	T	1	0	0	1	2	2	0	2	2	0	1	2	2	0
823505	T	C	1	0	0	1	2	2	0	2	2	0	1	2	2	0
823897	G	A	1	0	0	1	2	2	0	2	2	0	1	2	2	0
823948	G	A	1	0	0	1	2	2	0	2	2	0	1	2	2	0
824398	A	C	1	0	0	1	2	2	0	2	2	0	1	2	2	0
824709	A	C	1	0	0	1	2	2	0	2	2	0	1	2	2	0
825069	G	C	1	0	0	1	2	2	0	2	2	0	1	2	2	0
825125	C	A	1	0	0	1	2	2	0	2	2	0	1	2	2	0
825410	G	A	1	0	0	1	2	2	0	2	2	0	1	2	2	0
825464	G	A	1	0	0	1	2	2	0	2	2	0	1	2	2	0
825517	T	C	1	0	0	1	2	2	0	2	2	0	1	2	2	0
825554	A	G	1	0	0	1	2	2	0	2	2	0	1	2	2	0
826135	C	T	1	0	0	1	2	2	0	2	2	0	1	2	2	0
826510	T	A	1	0	0	1	2	2	0	2	2	0	1	2	2	0
827253	C	A	1	0	0	1	2	2	0	2	2	0	1	2	2	0
827257	T	C	1	0	0	1	2	2	0	2	2	0	1	2	2	0
827267	C	T	1	0	0	1	2	2	0	2	2	0	1	2	2	0
827277	T	C	1	0	0	1	2	2	0	2	2	0	1	2	2	0
827323	C	T	1	0	0	1	2	2	0	2	2	0	1	2	2	0
827331	T	C	1	0	0	1	2	2	0	2	2	0	1	2	2	0
828113	A	T	1	0	0	1	2	2	0	2	2	0	1	2	2	0
828166	A	G	1	0	0	1	2	2	0	2	2	0	1	2	2	0
828175	G	A	1	0	0	1	2	2	0	2	2	0	1	2	2	0
828468	G	A	1	0	0	1	2	2	0	2	2	0	1	2	2	0
828740	A	G	1	0	0	1	2	2	0	2	2	0	1	2	2	0
828883	G	A	1	0	0	1	2	2	0	2	2	0	1	2	2	0
829106	A	G	1	0	0	1	2	2	0	2	2	0	1	2	2	0
829333	G	A	1	0	0	1	2	2	0	2	2	0	1	2	2	0
829471	T	C	1	0	0	1	2	2	0	2	2	0	1	2	2	0
830181	A	G	1	0	0	1	2	2	0	2	2	0	1	2	2	0
830359	C	T	1	0	0	1	2	2	0	2	2	0	1	2	2	0
830403	T	C	1	0	0	1	2	2	0	2	2	0	1	2	2	0
830579	A	C	1	0	0	1	2	2	0	2	2	0	1	2	2	0
830881	G	A	1	0	0	1	2	2	0	2	2	0	1	2	2	0
831027	C	T	1	0	0	1	2	2	0	2	2	0	1	2	2	0
831489	C	T	1	0	0	1	2	2	0	2	2	0	1	2	2	0
831909	C	T	1	0	0	1	2	2	0	2	2	0	1	2	2	0
832066	G	C	1	0	0	1	2	2	0	2	2	0	1	2	2	0
832112	T	C	1	0	0	1	2	2	0	2	2	0	1	2	2	0
832178	A	G	1	0	0	1	2	2	0	2	2	0	1	2	2	0
832318	C	A	1	0	0	1	2	2	0	2	2	0	1	2	2	0
832359	C	T	1	0	0	1	2	2	0	2	2	0	1	2	2	0
832398	T	C	1	0	0	1	2	2	0	2	2	0	1	2	2	0
832809	T	G	1	0	0	1	2	2	0	2	2	0	1	2	2	0
832918	T	C	1	0	0	1	2	2	0	2	2	0	1	2	2	0
833280	A	C	1	0	0	1	2	2	0	2	2	0	1	2	2	0
833418	G	A	1	0	0	1	2	2	0	2	2	0	1	2	2	0
833421	T	C	1	0	0	1	2	2	0	2	2	0	1	2	2	0
833824	T	C	1	0	0	1	2	2	0	2	2	0	1	2	2	0
833927	T	C	1	0	0	1	2	2	0	2	2	0	1	2	2	0
834056	A	C	1	0	0	1	2	2	0	2	2	0	1	2	2	0
834198	T	C	1	0	0	1	2	2	0	2	2	0	1	2	2	0
834263	C	T	1	0	0	1	2	2	0	2	2	0	1	2	2	0
834753	G	C	1	0	0	1	2	2	0	2	2	0	1	2	2	0
834832	G	C	1	0	0	1	2	2	0	2	2	0	1	2	2	0
834928	A	G	1	0	0	1	2	2	0	2	2	0	1	2	2	0
834956	G	A	1	0	0	1	2	2	0	2	2	0	1	2	2	0
834991	C	T	1	0	0	1	2	2	0	2	2	0	1	2	2	0
834999	G	A	1	0	0	1	2	2	0	2	2	0	1	2	2	0
835009	G	A	1	0	0	1	2	2	0	2	2	0	1	2	2	0
835236	G	A	1	0	0	1	2	2	0	2	2	0	1	2	2	0
835242	C	T	1	0	0	1	2	2	0	2	2	0	1	2	2	0
835491	C	T	1	0	0	1	2	2	0	2	2	0	1	2	2	0
835499	A	G	1	0	0	1	2	2	0	2	2	0	1	2	2	0
835742	A	G	1	0	0	1	2	2	0	2	2	0	1	2	2	0
836529	C	G	1	0	0	1	2	2	0	2	2	0	1	2	2	0
836896	T	C	1	0	0	1	2	2	0	2	2	0	1	2	2	0
836924	G	A	1	0	0	1	2	2	0	2	2	0	1	2	2	0
837014	G	A	1	0	0	1	2	2	0	2	2	0	1	2	2	0
837192	A	G	1	0	0	1	2	2	0	2	2	0	1	2	2	0
837303	G	A	1	0	0	1	2	2	0	2	2	0	1	2	2	0
837428	G	A	1	0	0	1	2	2	0	2	2	0	1	2	2	0
837748	A	G	1	0	0	1	2	2	0	2	2	0	1	2	2	0
837786	C	A	1	0	0	1	2	2	0	2	2	0	1	2	2	0
837917	A	G	1	0	0	1	2	2	0	2	2	0	1	2	2	0
838170	C	T	1	0	0	1	2	2	0	2	2	0	1	2	2	0
838260	C	T	1	0	0	1	2	2	0	2	2	0	1	2	2	0
838387	T	C	1	0	0	1	2	2	0	2	2	0	1	2	2	0
838555	C	A	1	0	0	1	2	2	0	2	2	0	1	2	2	0
838646	G	A	1	0	0	1	2	2	0	2	2	0	1	2	2	0
838665	T	C	1	0	0	1	2	2	0	2	2	0	1	2	2	0
838729	T	C	1	0	0	1	2	2	0	2	2	0	1	2	2	0
838732	G	A	1	0	0	1	2	2	0	2	2	0	1	2	2	0
838830	G	T	1	0	0	1	2	2	0	2	2	0	1	2	2	0
838890	A	G	1	0	0	1	2	2	0	2	2	0	1	2	2	0
838916	A	T	1	0	0	1	2	2	0	2	2	0	1	2	2	0
838931	A	C	1	0	0	1	2	2	0	2	2	0	1	2	2	0
839087	T	C	1	0	0	1	2	2	0	2	2	0	1	2	2	0
839103	A	G	1	0	0	1	2	2	0	2	2	0	1	2	2	0
839461	T	C	1	0	0	1	2	2	0	2	2	0	1	2	2	0
839495	G	T	1	0	0	1	2	2	0	2	2	0	1	2	2	0
839528	A	G	1	0	0	1	2	2	0	2	2	0	1	2	2	0
839529	T	G	1	0	0	1	2	2	0	2	2	0	1	2	2	0
839797	G	A	1	0	0	1	2	2	0	2	2	0	1	2	2	0
839847	C	T	1	0	0	1	2	2	0	2	2	0	1	2	2	0
840043	C	T	1	0	0	1	2	2	0	2	2	0	1	2	2	0
841056	C	T	1	0	0	1	2	2	0	2	2	0	1	2	2	0
841085	C	G	1	0	0	1	2	2	0	2	2	0	1	2	2	0
842013	T	G	1	0	0	1	2	2	0	2	2	0	1	2	2	0
842250	A	G	1	0	0	1	2	2	0	2	2	0	1	2	2	0
842362	C	T	1	0	0	1	2	2	0	2	2	0	1	2	2	0
842461	G	A	1	0	0	1	2	2	0	2	2	0	1	2	2	0
842537	C	T	1	0	0	1	2	2	0	2	2	0	1	2	2	0
842652	C	T	1	0	0	1	2	2	0	2	2	0	1	2	2	0
842690	G	A	1	0	0	1	2	2	0	2	2	0	1	2	2	0
842825	A	G	1	0	0	1	2	2	0	2	2	0	1	2	2	0
843182	C	T	1	0	0	1	2	2	0	2	2	0	1	2	2	0
843312	C	T	1	0	0	1	2	2	0	2	2	0	1	2	2	0
843366	C	T	1	0	0	1	2	2	0	2	2	0	1	2	2	0
843405	A	G	1	0	0	1	2	2	0	2	2	0	1	2	2	0
844300	C	G	1	0	0	1	2	2	0	2	2	0	1	2	2	0
844324	G	A	1	0	0	1	2	2	0	2	2	0	1	2	2	0
845274	G	T	1	0	0	1	2	2	0	2	2	0	1	2	2	0
845283	G	T	1	0	0	1	2	2	0	2	2	0	1	2	2	0
845593	G	A	1	0	0	1	2	2	0	2	2	0	1	2	2	0
845635	C	T	1	0	0	1	2	2	0	2	2	0	1	2	2	0
845938	G	A	1	0	0	1	2	2	0	2	2	0	1	2	2	0
846078	C	T	1	0	0	1	2	2	0	2	2	0	1	2	2	0
846321	T	C	1	0	0	1	2	2	0	2	2	0	1	2	2	0
846338	A	G	1	0	0	1	2	2	0	2	2	0	1	2	2	0
846398	G	A	1	0	0	1	2	2	0	2	2	0	1	2	2	0
846465	C	T	1	0	0	1	2	2	0	2	2	0	1	2	2	0
846489	T	C	1	0	0	1	2	2	0	2	2	0	1	2	2	0
846543	G	T	1	0	0	1	2	2	0	2	2	0	1	2	2	0
846586	A	G	1	0	0	1	2	2	0	2	2	0	1	2	2	0
846687	C	T	1	0	0	1	2	2	0	2	2	0	1	2	2	0
846808	C	T	1	0	0	1	2	2	0	2	2	0	1	2	2	0
846854	G	A	1	0	0	1	2	2	0	2	2	0	1	2	2	0
846864	G	C	1	0	0	1	2	2	0	2	2	0	1	2	2	0
846983	C	T	1	0	0	1	2	2	0	2	2	0	1	2	2	0
847041	C	T	1	0	0	1	2	2	0	2	2	0	1	2	2	0
847297	G	A	1	0	0	1	2	2	0	2	2	0	1	2	2	0
847491	G	A	1	0	0	1	2	2	0	2	2	0	1	2	2	0
847658	T	C	1	0	0	1	2	2	0	2	2	0	1	2	2	0
848023	C	A	1	0	0	1	2	2	0	2	2	0	1	2	2	0
848090	G	A	1	0	0	1	2	2	0	2	2	0	1	2	2	0
848297	G	A	1	0	0	1	2	2	0	2	2	0	1	2	2	0
848440	C	T	1	0	0	1	2	2	0	2	2	0	1	2	2	0
848445	G	A	1	0	0	1	2	2	0	2	2	0	1	2	2	0
848456	A	G	1	0	0	1	2	2	0	2	2	0	1	2	2	0
848738	C	T	1	0	0	1	2	2	0	2	2	0	1	2	2	0
849285	G	A	1	0	0	1	2	2	0	2	2	0	1	2	2	0
849440	C	T	1	0	0	1	2	2	0	2	2	0	1	2	2	0
849441	A	G	1	0	0	1	2	2	0	2	2	0	1	2	2	0
849524	C	T	1	0	0	1	2	2	0	2	2	0	1	2	2	0
849553	A	G	1	0	0	1	2	2	0	2	2	0	1	2	2	0
849813	C	T	1	0	0	1	2	2	0	2	2	0	1	2	2	0
849998	A	G	1	0	0	1	2	2	0	2	2	0	1	2	2	0
850062	A	T	1	0	0	1	2	2	0	2	2	0	1	2	2	0
850115	C	T	1	0	0	1	2	2	0	2	2	0	1	2	2	0
850123	C	T	1	0	0	1	2	2	0	2	2	0	1	2	2	0
850218	T	A	1	0	0	1	2	2	0	2	2	0	1	2	2	0
850324	G	A	1	0	0	1	2	2	0	2	2	0	1	2	2	0
850371	G	T	1	0	0	1	2	2	0	2	2	0	1	2	2	0
850528	A	G	1	0	0	1	2	2	0	2	2	0	1	2	2	0
850780	C	T	1	0	0	1	2	2	0	2	2	0	1	2	2	0
851190	G	A	1	0	0	1	2	2	0	2	2	0	1	2	2	0
851204	G	C	1	0	0	1	2	2	0	2	2	0	1	2	2	0
851499	A	G	1	0	0	1	2	2	0	2	2	0	1	2	2	0
852037	G	A	1	0	0	1	2	2	0	2	2	0	1	2	2	0
852063	G	A	1	0	0	1	2	2	0	2	2	0	1	2	2	0
852133	C	T	1	0	0	1	2	2	0	2	2	0	1	2	2	0
852339	C	T	1	0	0	1	2	2	0	2	2	0	1	2	2	0
852443	A	C	1	0	0	1	2	2	0	2	2	0	1	2	2	0
852502	C	T	1	0	0	1	2	2	0	2	2	0	1	2	2	0
852517	A	G	1	0	0	1	2	2	0	2	2	0	1	2	2	0
852664	C	T	1	0	0	1	2	2	0	2	2	0	1	2	2	0
852758	G	C	1	0	0	1	2	2	0	2	2	0	1	2	2	0
852772	G	A	1	0	0	1	2	2	0	2	2	0	1	2	2	0
852875	C	T	1	0	0	1	2	2	0	2	2	0	1	2	2	0
852964	T	G	1	0	0	1	2	2	0	2	2	0	1	2	2	0
853130	G	A	1	0	0	1	2	2	0	2	2	0	1	2	2	0
853239	A	G	1	0	0	1	2	2	0	2	2	0	1	2	2	0
853267	G	T	1	0	0	1	2	2	0	2	2	0	1	2	2	0
853272	G	A	1	0	0	1	2	2	0	2	2	0	1	2	2	0
853488	G	A	1	0	0	1	2	2	0	2	2	0	1	2	2	0
853707	C	T	1	0	0	1	2	2	0	2	2	0	1	2	2	0
853805	C	T	1	0	0	1	2	2	0	2	2	0	1	2	2	0
853954	C	A	1	0	0	1	2	2	0	2	2	0	1	2	2	0
854168	C	T	1	0	0	1	2	2	0	2	2	0	1	2	2	0
854250	A	G	1	0	0	1	2	2	0	2	2	0	1	2	2	0
854406	G	C	1	0	0	1	2	2	0	2	2	0	1	2	2	0
854429	G	A	1	0	0	1	2	2	0	2	2	0	1	2	2	0
854777	A	G	1	0	0	1	2	2	0	2	2	0	1	2	2	0
854978	A	C	1	0	0	1	2	2	0	2	2	0	1	2	2	0
855075	C	G	1	0	0	1	2	2	0	2	2	0	1	2	2	0
855168	G	A	1	0	0	1	2	2	0	2	2	0	1	2	2	0
855299	G	A	1	0	0	1	2	2	0	2	2	0	1	2	2	0
855485	G	A	1	0	0	1	2	2	0	2	2	0	1	2	2	0
855774	G	A	1	0	0	1	2	2	0	2	2	0	1	2	2	0
855808	T	C	1	0	0	1	2	2	0	2	2	0	1	2	2	0
855949	G	A	1	0	0	1	2	2	0	2	2	0	1	2	2	0
855968	C	T	1	0	0	1	2	2	0	2	2	0	1	2	2	0
855996	C	T	1	0	0	1	2	2	0	2	2	0	1	2	2	0
856041	G	A	1	0	0	1	2	2	0	2	2	0	1	2	2	0
856042	C	T	1	0	0	1	2	2	0	2	2	0	1	2	2	0
856099	T	G	1	0	0	1	2	2	0	2	2	0	1	2	2	0
856108	A	G	1	0	0	1	2	2	0	2	2	0	1	2	2	0
856172	C	A	1	0	0	1	2	2	0	2	2	0	1	2	2	0
856329	C	G	1	0	0	1	2	2	0	2	2	0	1	2	2	0
856352	G	A	1	0	0	1	2	2	0	2	2	0	1	2	2	0
856405	G	A	1	0	0	1	2	2	0	2	2	0	1	2	2	0
856476	A	G	1	0	0	1	2	2	0	2	2	0	1	2	2	0
857177	T	C	1	0	0	1	2	2	0	2	2	0	1	2	2	0
857443	C	T	1	0	0	1	2	2	0	2	2	0	1	2	2	0
857653	C	G	1	0	0	1	2	2	0	2	2	0	1	2	2	0
857728	T	G	1	0	0	1	2	2	0	2	2	0	1	2	2	0
857808	T	C	1	0	0	1	2	2	0	2	2	0	1	2	2	0
858040	C	A	1	0	0	1	2	2	0	2	2	0	1	2	2	0
858051	C	T	1	0	0	1	2	2	0	2	2	0	1	2	2	0
858801	A	G	1	0	0	1	2	2	0	2	2	0	1	2	2	0
858862	G	C	1	0	0	1	2	2	0	2	2	0	1	2	2	0
859206	G	A	1	0	0	1	2	2	0	2	2	0	1	2	2	0
859335	G	A	1	0	0	1	2	2	0	2	2	0	1	2	2	0
859370	C	A	1	0	0	1	2	2	0	2	2	0	1	2	2	0
859397	G	A	1	0	0	1	2	2	0	2	2	0	1	2	2	0
859404	C	G	1	0	0	1	2	2	0	2	2	0	1	2	2	0
859685	G	A	1	0	0	1	2	2	0	2	2	0	1	2	2	0
859690	C	G	1	0	0	1	2	2	0	2	2	0	1	2	2	0
859701	C	G	1	0	0	1	2	2	0	2	2	0	1	2	2	0
859913	A	G	1	0	0	1	2	2	0	2	2	0	1	2	2	0
860416	G	A	1	0	0	1	2	2	0	2	2	0	1	2	2	0
860461	G	A	1	0	0	1	2	2	0	2	2	0	1	2	2	0
860504	G	A	1	0	0	1	2	2	0	2	2	0	1	2	2	0
860521	C	A	1	0	0	1	2	2	0	2	2	0	1	2	2	0
860688	G	A	1	0	0	1	2	2	0	2	2	0	1	2	2	0
860854	T	C	1	0	0	1	2	2	0	2	2	0	1	2	2	0
860857	G	A	1	0	0	1	2	2	0	2	2	0	1	2	2	0
860956	C	G	1	0	0	1	2	2	0	2	2	0	1	2	2	0
860957	G	A	1	0	0	1	2	2	0	2	2	0	1	2	2	0
861008	G	C	1	0	0	1	2	2	0	2	2	0	1	2	2	0
861630	G	A	1	0	0	1	2	2	0	2	2	0	1	2	2	0
861808	A	G	1	0	0	1	2	2	0	2	2	0	1	2	2	0
862124	A	G	1	0	0	1	2	2	0	2	2	0	1	2	2	0
862186	A	G	1	0	0	1	2	2	0	2	2	0	1	2	2	0
862383	C	T	1	0	0	1	2	2	0	2	2	0	1	2	2	0
862389	A	G	1	0	0	1	2	2	0	2	2	0	1	2	2	0
862515	C	T	1	0	0	1	2	2	0	2	2	0	1	2	2	0
862668	C	T	1	0	0	1	2	2	0	2	2	0	1	2	2	0
862708	C	G	1	0	0	1	2	2	0	2	2	0	1	2	2	0
862714	A	G	1	0	0	1	2	2	0	2	2	0	1	2	2	0
862866	C	T	1	0	0	1	2	2	0	2	2	0	1	2	2	0
863124	G	T	1	0	0	1	2	2	0	2	2	0	1	2	2	0
863138	A	C	1	0	0	1	2	2	0	2	2	0	1	2	2	0
863284	C	T	1	0	0	1	2	2	0	2	2	0	1	2	2	0
863315	C	T	1	0	0	1	2	2	0	2	2	0	1	2	2	0
863499	T	C	1	0	0	1	2	2	0	2	2	0	1	2	2	0
863501	T	C	1	0	0	1	2	2	0	2	2	0	1	2	2	0
863511	T	C	1	0	0	1	2	2	0	2	2	0	1	2	2	0
863556	G	A	1	0	0	1	2	2	0	2	2	0	1	2	2	0
863632	C	T	1	0	0	1	2	2	0	2	2	0	1	2	2	0
863689	A	G	1	0	0	1	2	2	0	2	2	0	1	2	2	0
863696	C	T	1	0	0	1	2	2	0	2	2	0	1	2	2	0
863767	G	A	1	0	0	1	2	2	0	2	2	0	1	2	2	0
863776	A	C	1	0	0	1	2	2	0	2	2	0	1	2	2	0
863843	C	T	1	0	0	1	2	2	0	2	2	0	1	2	2	0
863863	G	A	1	0	0	1	2	2	0	2	2	0	1	2	2	0
863978	G	A	1	0	0	1	2	2	0	2	2	0	1	2	2	0
864002	G	C	1	0	0	1	2	2	0	2	2	0	1	2	2	0
864241	C	T	1	0	0	1	2	2	0	2	2	0	1	2	2	0
864490	C	T	1	0	0	1	2	2	0	2	2	0	1	2	2	0
864615	G	A	1	0	0	1	2	2	0	2	2	0	1	2	2	0
864726	T	A	1	0	0	1	2	2	0	2	2	0	1	2	2	0
864755	A	G	1	0	0	1	2	2	0	2	2	0	1	2	2	0
864757	G	A	1	0	0	1	2	2	0	2	2	0	1	2	2	0
864894	G	A	1	0	0	1	2	2	0	2	2	0	1	2	2	0
864938	G	A	1	0	0	1	2	2	0	2	2	0	1	2	2	0
865028	G	A	1	0	0	1	2	2	0	2	2	0	1	2	2	0
865219	G	A	1	0	0	1	2	2	0	2	2	0	1	2	2	0
865261	G	A	1	0	0	1	2	2	0	2	2	0	1	2	2	0
865367	G	T	1	0	0	1	2	2	0	2	2	0	1	2	2	0
865694	C	T	1	0	0	1	2	2	0	2	2	0	1	2	2	0
865923	G	A	1	0	0	1	2	2	0	2	2	0	1	2	2	0
866136	G	A	1	0	0	1	2	2	0	2	2	0	1	2	2	0
866252	G	A	1	0	0	1	2	2	0	2	2	0	1	2	2	0
866319	G	A	1	0	0	1	2	2	0	2	2	0	1	2	2	0
866422	C	T	1	0	0	1	2	2	0	2	2	0	1	2	2	0
866731	G	C	1	0	0	1	2	2	0	2	2	0	1	2	2	0
866822	A	T	1	0	0	1	2	2	0	2	2	0	1	2	2	0
866893	T	C	1	0	0	1	2	2	0	2	2	0	1	2	2	0
866938	G	A	1	0	0	1	2	2	0	2	2	0	1	2	2	0
867031	C	T	1	0	0	1	2	2	0	2	2	0	1	2	2	0
867165	G	A	1	0	0	1	2	2	0	2	2	0	1	2	2	0
867442	C	T	1	0	0	1	2	2	0	2	2	0	1	2	2	0
867584	A	T	1	0	0	1	2	2	0	2	2	0	1	2	2	0
867635	C	T	1	0	0	1	2	2	0	2	2	0	1	2	2	0
868096	T	C	1	0	0	1	2	2	0	2	2	0	1	2	2	0
868112	C	T	1	0	0	1	2	2	0	2	2	0	1	2	2	0
868113	G	A	1	0	0	1	2	2	0	2	2	0	1	2	2	0
868329	A	C	1	0	0	1	2	2	0	2	2	0	1	2	2	0
868343	C	T	1	0	0	1	2	2	0	2	2	0	1	2	2	0
868356	C	T	1	0	0	1	2	2	0	2	2	0	1	2	2	0
868404	C	T	1	0	0	1	2	2	0	2	2	0	1	2	2	0
868418	C	T	1	0	0	1	2	2	0	2	2	0	1	2	2	0
868781	A	C	1	0	0	1	2	2	0	2	2	0	1	2	2	0
868791	C	T	1	0	0	1	2	2	0	2	2	0	1	2	2	0
868840	C	T	1	0	0	1	2	2	0	2	2	0	1	2	2	0
868861	C	T	1	0	0	1	2	2	0	2	2	0	1	2	2	0
868891	A	G	1	0	0	1	2	2	0	2	2	0	1	2	2	0
868979	A	C	1	0	0	1	2	2	0	2	2	0	1	2	2	0
868981	C	T	1	0	0	1	2	2	0	2	2	0	1	2	2	0
869033	C	T	1	0	0	1	2	2	0	2	2	0	1	2	2	0
869071	G	A	1	0	0	1	2	2	0	2	2	0	1	2	2	0
869249	T	C	1	0	0	1	2	2	0	2	2	0	1	2	2	0
869303	C	T	1	0	0	1	2	2	0	2	2	0	1	2	2	0
869323	T	C	1	0	0	1	2	2	0	2	2	0	1	2	2	0
869369	G	T	1	0	0	1	2	2	0	2	2	0	1	2	2	0
869373	G	C	1	0	0	1	2	2	0	2	2	0	1	2	2	0
870460	G	C	1	0	0	1	2	2	0	2	2	0	1	2	2	0
870640	T	G	1	0	0	1	2	2	0	2	2	0	1	2	2	0
870645	T	C	1	0	0	1	2	2	0	2	2	0	1	2	2	0
870651	C	T	1	0	0	1	2	2	0	2	2	0	1	2	2	0
870754	C	T	1	0	0	1	2	2	0	2	2	0	1	2	2	0
870766	C	T	1	0	0	1	2	2	0	2	2	0	1	2	2	0
870903	T	C	1	0	0	1	2	2	0	2	2	0	1	2	2	0
871010	A	C	1	0	0	1	2	2	0	2	2	0	1	2	2	0
871406	C	T	1	0	0	1	2	2	0	2	2	0	1	2	2	0
871804	G	A	1	0	0	1	2	2	0	2	2	0	1	2	2	0
871866	T	C	1	0	0	1	2	2	0	2	2	0	1	2	2	0
872017	C	T	1	0	0	1	2	2	0	2	2	0	1	2	2	0
872087	T	C	1	0	0	1	2	2	0	2	2	0	1	2	2	0
872091	T	G	1	0	0	1	2	2	0	2	2	0	1	2	2	0
872352	G	C	1	0	0	1	2	2	0	2	2	0	1	2	2	0
872390	G	T	1	0	0	1	2	2	0	2	2	0	1	2	2	0
872616	G	A	1	0	0	1	2	2	0	2	2	0	1	2	2	0
872838	G	A	1	0	0	1	2	2	0	2	2	0	1	2	2	0
872952	C	T	1	0	0	1	2	2	0	2	2	0	1	2	2	0
873086	G	A	1	0	0	1	2	2	0	2	2	0	1	2	2	0
873394	A	G	1	0	0	1	2	2	0	2	2	0	1	2	2	0
873462	G	T	1	0	0	1	2	2	0	2	2	0	1	2	2	0
873558	G	T	1	0	0	1	2	2	0	2	2	0	1	2	2	0
873859	G	T	1	0	0	1	2	2	0	2	2	0	1	2	2	0
874034	G	A	1	0	0	1	2	2	0	2	2	0	1	2	2	0
874220	T	C	1	0	0	1	2	2	0	2	2	0	1	2	2	0
874446	C	T	1	0	0	1	2	2	0	2	2	0	1	2	2	0
874665	G	A	1	0	0	1	2	2	0	2	2	0	1	2	2	0
874927	A	G	1	0	0	1	2	2	0	2	2	0	1	2	2	0
875643	C	G	1	0	0	1	2	2	0	2	2	0	1	2	2	0
875770	A	G	1	0	0	1	2	2	0	2	2	0	1	2	2	0
875985	T	C	1	0	0	1	2	2	0	2	2	0	1	2	2	0
876103	G	A	1	0	0	1	2	2	0	2	2	0	1	2	2	0
876393	G	A	1	0	0	1	2	2	0	2	2	0	1	2	2	0
876499	A	G	1	0	0	1	2	2	0	2	2	0	1	2	2	0
876908	G	A	1	0	0	1	2	2	0	2	2	0	1	2	2	0
876949	G	C	1	0	0	1	2	2	0	2	2	0	1	2	2	0
877147	G	A	1	0	0	1	2	2	0	2	2	0	1	2	2	0
877363	G	C	1	0	0	1	2	2	0	2	2	0	1	2	2	0
877715	C	G	1	0	0	1	2	2	0	2	2	0	1	2	2	0
877782	C	G	1	0	0	1	2	2	0	2	2	0	1	2	2	0
878310	T	C	1	0	0	1	2	2	0	2	2	0	1	2	2	0
879317	C	T	1	0	0	1	2	2	0	2	2	0	1	2	2	0
879413	G	A	1	0	0	1	2	2	0	2	2	0	1	2	2	0
879431	T	C	1	0	0	1	2	2	0	2	2	0	1	2	2	0
879481	G	C	1	0	0	1	2	2	0	2	2	0	1	2	2	0
879576	C	T	1	0	0	1	2	2	0	2	2	0	1	2	2	0
879676	G	A	1	0	0	1	2	2	0	2	2	0	1	2	2	0
879687	T	C	1	0	0	1	2	2	0	2	2	0	1	2	2	0
880238	A	G	1	0	0	1	2	2	0	2	2	0	1	2	2	0
880366	C	T	1	0	0	1	2	2	0	2	2	0	1	2	2	0
880390	C	A	1	0	0	1	2	2	0	2	2	0	1	2	2	0
880679	T	C	1	0	0	1	2	2	0	2	2	0	1	2	2	0
880751	A	G	1	0	0	1	2	2	0	2	2	0	1	2	2	0
881151	T	C	1	0	0	1	2	2	0	2	2	0	1	2	2	0
881377	G	A	1	0	0	1	2	2	0	2	2	0	1	2	2	0
881627	G	A	1	0	0	1	2	2	0	2	2	0	1	2	2	0
881734	T	C	1	0	0	1	2	2	0	2	2	0	1	2	2	0
881918	G	A	1	0	0	1	2	2	0	2	2	0	1	2	2	0
882033	G	A	1	0	0	1	2	2	0	2	2	0	1	2	2	0
882208	C	T	1	0	0	1	2	2	0	2	2	0	1	2	2	0
882369	G	A	1	0	0	1	2	2	0	2	2	0	1	2	2	0
882392	G	A	1	0	0	1	2	2	0	2	2	0	1	2	2	0
882803	A	G	1	0	0	1	2	2	0	2	2	0	1	2	2	0
883008	C	T	1	0	0	1	2	2	0	2	2	0	1	2	2	0
883041	C	G	1	0	0	1	2	2	0	2	2	0	1	2	2	0
883063	G	T	1	0	0	1	2	2	0	2	2	0	1	2	2	0
883699	C	T	1	0	0	1	2	2	0	2	2	0	1	2	2	0
884302	C	G	1	0	0	1	2	2	0	2	2	0	1	2	2	0
884314	G	C	1	0	0	1	2	2	0	2	2	0	1	2	2	0
884402	C	G	1	0	0	1	2	2	0	2	2	0	1	2	2	0
884452	C	T	1	0	0	1	2	2	0	2	2	0	1	2	2	0
884635	G	A	1	0	0	1	2	2	0	2	2	0	1	2	2	0
884815	A	G	1	0	0	1	2	2	0	2	2	0	1	2	2	0
885043	T	C	1	0	0	1	2	2	0	2	2	0	1	2	2	0
885097	G	C	1	0	0	1	2	2	0	2	2	0	1	2	2	0
885657	G	A	1	0	0	1	2	2	0	2	2	0	1	2	2	0
885676	C	A	1	0	0	1	2	2	0	2	2	0	1	2	2	0
885689	G	A	1	0	0	1	2	2	0	2	2	0	1	2	2	0
885691	A	T	1	0	0	1	2	2	0	2	2	0	1	2	2	0
885698	C	T	1	0	0	1	2	2	0	2	2	0	1	2	2	0
885756	C	T	1	0	0	1	2	2	0	2	2	0	1	2	2	0
885904	C	T	1	0	0	1	2	2	0	2	2	0	1	2	2	0
885922	G	A	1	0	0	1	2	2	0	2	2	0	1	2	2	0
885945	G	C	1	0	0	1	2	2	0	2	2	0	1	2	2	0
886006	T	C	1	0	0	1	2	2	0	2	2	0	1	2	2	0
886206	A	G	1	0	0	1	2	2	0	2	2	0	1	2	2	0
886384	G	A	1	0	0	1	2	2	0	2	2	0	1	2	2	0
886416	C	T	1	0	0	1	2	2	0	2	2	0	1	2	2	0
886477	G	A	1	0	0	1	2	2	0	2	2	0	1	2	2	0
886492	C	T	1	0	0	1	2	2	0	2	2	0	1	2	2	0
886788	G	A	1	0	0	1	2	2	0	2	2	0	1	2	2	0
886817	C	T	1	0	0	1	2	2	0	2	2	0	1	2	2	0
887023	G	C	1	0	0	1	2	2	0	2	2	0	1	2	2	0
887059	G	A	1	0	0	1	2	2	0	2	2	0	1	2	2	0
887094	C	G	1	0	0	1	2	2	0	2	2	0	1	2	2	0
887162	T	C	1	0	0	1	2	2	0	2	2	0	1	2	2	0
887537	C	T	1	0	0	1	2	2	0	2	2	0	1	2	2	0
887560	A	C	1	0	0	1	2	2	0	2	2	0	1	2	2	0
887712	C	A	1	0	0	1	2	2	0	2	2	0	1	2	2	0
887801	A	G	1	0	0	1	2	2	0	2	2	0	1	2	2	0
888086	C	G	1	0	0	1	2	2	0	2	2	0	1	2	2	0
888220	G	A	1	0	0	1	2	2	0	2	2	0	1	2	2	0
888239	C	T	1	0	0	1	2	2	0	2	2	0	1	2	2	0
888442	G	C	1	0	0	1	2	2	0	2	2	0	1	2	2	0
888563	C	T	1	0	0	1	2	2	0	2	2	0	1	2	2	0
888639	T	C	1	0	0	1	2	2	0	2	2	0	1	2	2	0
888659	T	C	1	0	0	1	2	2	0	2	2	0	1	2	2	0
889131	A	G	1	0	0	1	2	2	0	2	2	0	1	2	2	0
889158	G	C	1	0	0	1	2	2	0	2	2	0	1	2	2	0
889159	A	C	1	0	0	1	2	2	0	2	2	0	1	2	2	0
889286	G	A	1	0	0	1	2	2	0	2	2	0	1	2	2	0
889403	T	A	1	0	0	1	2	2	0	2	2	0	1	2	2	0
889426	C	T	1	0	0	1	2	2	0	2	2	0	1	2	2	0
889638	G	C	1	0	0	1	2	2	0	2	2	0	1	2	2	0
889713	C	A	1	0	0	1	2	2	0	2	2	0	1	2	2	0
889876	C	G	1	0	0	1	2	2	0	2	2	0	1	2	2	0
890104	G	A	1	0	0	1	2	2	0	2	2	0	1	2	2	0
890219	C	A	1	0	0	1	2	2	0	2	2	0	1	2	2	0
890272	G	C	1	0	0	1	2	2	0	2	2	0	1	2	2	0
890295	G	C	1	0	0	1	2	2	0	2	2	0	1	2	2	0
890772	C	G	1	0	0	1	2	2	0	2	2	0	1	2	2	0
891021	G	A	1	0	0	1	2	2	0	2	2	0	1	2	2	0
891059	C	T	1	0	0	1	2	2	0	2	2	0	1	2	2	0
891313	C	T	1	0	0	1	2	2	0	2	2	0	1	2	2	0
891617	G	C	1	0	0	1	2	2	0	2	2	0	1	2	2	0
891659	G	A	1	0	0	1	2	2	0	2	2	0	1	2	2	0
891898	T	C	1	0	0	1	2	2	0	2	2	0	1	2	2	0
891945	A	G	1	0	0	1	2	2	0	2	2	0	1	2	2	0
892012	C	T	1	0	0	1	2	2	0	2	2	0	1	2	2	0
892095	C	T	1	0	0	1	2	2	0	2	2	0	1	2	2	0
892380	G	A	1	0	0	1	2	2	0	2	2	0	1	2	2	0
892460	G	C	1	0	0	1	2	2	0	2	2	0	1	2	2	0
892471	G	A	1	0	0	1	2	2	0	2	2	0	1	2	2	0
892551	C	T	1	0	0	1	2	2	0	2	2	0	1	2	2	0
892721	G	A	1	0	0	1	2	2	0	2	2	0	1	2	2	0
892745	G	A	1	0	0	1	2	2	0	2	2	0	1	2	2	0
892873	C	A	1	0	0	1	2	2	0	2	2	0	1	2	2	0
893280	G	A	1	0	0	1	2	2	0	2	2	0	1	2	2	0
893631	A	G	1	0	0	1	2	2	0	2	2	0	1	2	2	0
893719	G	A	1	0	0	1	2	2	0	2	2	0	1	2	2	0
893725	C	T	1	0	0	1	2	2	0	2	2	0	1	2	2	0
894519	G	A	1	0	0	1	2	2	0	2	2	0	1	2	2	0
894573	G	A	1	0	0	1	2	2	0	2	2	0	1	2	2	0
894719	C	T	1	0	0	1	2	2	0	2	2	0	1	2	2	0
895268	C	T	1	0	0	1	2	2	0	2	2	0	1	2	2	0
895345	G	A	1	0	0	1	2	2	0	2	2	0	1	2	2	0
895706	G	A	1	0	0	1	2	2	0	2	2	0	1	2	2	0
895820	G	C	1	0	0	1	2	2	0	2	2	0	1	2	2	0
895889	A	T	1	0	0	1	2	2	0	2	2	0	1	2	2	0
896064	C	G	1	0	0	1	2	2	0	2	2	0	1	2	2	0
896271	C	T	1	0	0	1	2	2	0	2	2	0	1	2	2	0
896333	C	T	1	0	0	1	2	2	0	2	2	0	1	2	2	0
896443	G	T	1	0	0	1	2	2	0	2	2	0	1	2	2	0
896476	A	G	1	0	0	1	2	2	0	2	2	0	1	2	2	0
896950	C	A	1	0	0	1	2	2	0	2	2	0	1	2	2	0
897325	G	C	1	0	0	1	2	2	0	2	2	0	1	2	2	0
897337	C	T	1	0	0	1	2	2	0	2	2	0	1	2	2	0
897564	T	C	1	0	0	1	2	2	0	2	2	0	1	2	2	0
897726	C	T	1	0	0	1	2	2	0	2	2	0	1	2	2	0
897730	C	T	1	0	0	1	2	2	0	2	2	0	1	2	2	0
897738	C	T	1	0	0	1	2	2	0	2	2	0	1	2	2	0
897879	C	T	1	0	0	1	2	2	0	2	2	0	1	2	2	0
898045	C	T	1	0	0	1	2	2	0	2	2	0	1	2	2	0
898119	C	T	1	0	0	1	2	2	0	2	2	0	1	2	2	0
898323	T	C	1	0	0	1	2	2	0	2	2	0	1	2	2	0
899000	C	T	1	0	0	1	2	2	0	2	2	0	1	2	2	0
899515	C	T	1	0	0	1	2	2	0	2	2	0	1	2	2	0
899608	C	T	1	0	0	1	2	2	0	2	2	0	1	2	2	0
899634	C	T	1	0	0	1	2	2	0	2	2	0	1	2	2	0
899648	C	T	1	0	0	1	2	2	0	2	2	0	1	2	2	0
899942	G	A	1	0	0	1	2	2	0	2	2	0	1	2	2	0
900285	C	T	1	0	0	1	2	2	0	2	2	0	1	2	2	0
900286	A	G	1	0	0	1	2	2	0	2	2	0	1	2	2	0
900319	G	A	1	0	0	1	2	2	0	2	2	0	1	2	2	0
900397	C	T	1	0	0	1	2	2	0	2	2	0	1	2	2	0
900505	G	C	1	0	0	1	2	2	0	2	2	0	1	2	2	0
900730	G	A	1	0	0	1	2	2	0	2	2	0	1	2	2	0
900972	T	G	1	0	0	1	2	2	0	2	2	0	1	2	2	0
901023	T	C	1	0	0	1	2	2	0	2	2	0	1	2	2	0
901035	C	T	1	0	0	1	2	2	0	2	2	0	1	2	2	0
901113	T	C	1	0	0	1	2	2	0	2	2	0	1	2	2	0
901337	T	G	1	0	0	1	2	2	0	2	2	0	1	2	2	0
901559	G	A	1	0	0	1	2	2	0	2	2	0	1	2	2	0
901591	T	C	1	0	0	1	2	2	0	2	2	0	1	2	2	0
901607	C	G	1	0	0	1	2	2	0	2	2	0	1	2	2	0
901744	A	G	1	0	0	1	2	2	0	2	2	0	1	2	2	0
901806	G	C	1	0	0	1	2	2	0	2	2	0	1	2	2	0
902069	T	C	1	0	0	1	2	2	0	2	2	0	1	2	2	0
902525	G	A	1	0	0	1	2	2	0	2	2	0	1	2	2	0
902749	C	G	1	0	0	1	2	2	0	2	2	0	1	2	2	0
902764	C	G	1	0	0	1	2	2	0	2	2	0	1	2	2	0
902997	G	A	1	0	0	1	2	2	0	2	2	0	1	2	2	0
903027	C	T	1	0	0	1	2	2	0	2	2	0	1	2	2	0
903104	C	T	1	0	0	1	2	2	0	2	2	0	1	2	2	0
903113	C	T	1	0	0	1	2	2	0	2	2	0	1	2	2	0
903160	G	C	1	0	0	1	2	2	0	2	2	0	1	2	2	0
903245	A	G	1	0	0	1	2	2	0	2	2	0	1	2	2	0
903321	G	A	1	0	0	1	2	2	0	2	2	0	1	2	2	0
903426	C	T	1	0	0	1	2	2	0	2	2	0	1	2	2	0
903993	G	A	1	0	0	1	2	2	0	2	2	0	1	2	2	0
904165	G	A	1	0	0	1	2	2	0	2	2	0	1	2	2	0
904355	C	T	1	0	0	1	2	2	0	2	2	0	1	2	2	0
904628	G	A	1	0	0	1	2	2	0	2	2	0	1	2	2	0
904715	G	A	1	0	0	1	2	2	0	2	2	0	1	2	2	0
904752	T	C	1	0	0	1	2	2	0	2	2	0	1	2	2	0
905074	A	G	1	0	0	1	2	2	0	2	2	0	1	2	2	0
905160	C	T	1	0	0	1	2	2	0	2	2	0	1	2	2	0
905245	G	A	1	0	0	1	2	2	0	2	2	0	1	2	2	0
906156	C	T	1	0	0	1	2	2	0	2	2	0	1	2	2	0
906272	A	C	1	0	0	1	2	2	0	2	2	0	1	2	2	0
906974	G	A	1	0	0	1	2	2	0	2	2	0	1	2	2	0
907023	G	A	1	0	0	1	2	2	0	2	2	0	1	2	2	0
907080	G	A	1	0	0	1	2	2	0	2	2	0	1	2	2	0
907217	C	T	1	0	0	1	2	2	0	2	2	0	1	2	2	0
907609	T	C	1	0	0	1	2	2	0	2	2	0	1	2	2	0
907622	G	C	1	0	0	1	2	2	0	2	2	0	1	2	2	0
907774	G	A	1	0	0	1	2	2	0	2	2	0	1	2	2	0
907799	T	C	1	0	0	1	2	2	0	2	2	0	1	2	2	0
907816	A	G	1	0	0	1	2	2	0	2	2	0	1	2	2	0
907883	C	T	1	0	0	1	2	2	0	2	2	0	1	2	2	0
907911	T	C	1	0	0	1	2	2	0	2	2	0	1	2	2	0
907994	A	C	1	0	0	1	2	2	0	2	2	0	1	2	2	0
907998	A	T	1	0	0	1	2	2	0	2	2	0	1	2	2	0
908025	G	A	1	0	0	1	2	2	0	2	2	0	1	2	2	0
908170	C	G	1	0	0	1	2	2	0	2	2	0	1	2	2	0
908228	A	G	1	0	0	1	2	2	0	2	2	0	1	2	2	0
908414	C	T	1	0	0	1	2	2	0	2	2	0	1	2	2	0
908473	G	T	1	0	0	1	2	2	0	2	2	0	1	2	2	0
908727	C	A	1	0	0	1	2	2	0	2	2	0	1	2	2	0
908749	C	T	1	0	0	1	2	2	0	2	2	0	1	2	2	0
908823	G	A	1	0	0	1	2	2	0	2	2	0	1	2	2	0
909073	C	T	1	0	0	1	2	2	0	2	2	0	1	2	2	0
909167	G	C	1	0	0	1	2	2	0	2	2	0	1	2	2	0
909221	T	C	1	0	0	1	2	2	0	2	2	0	1	2	2	0
909222	G	A	1	0	0	1	2	2	0	2	2	0	1	2	2	0
909238	G	C	1	0	0	1	2	2	0	2	2	0	1	2	2	0
909242	A	G	1	0	0	1	2	2	0	2	2	0	1	2	2	0
909309	T	C	1	0	0	1	2	2	0	2	2	0	1	2	2	0
909320	C	T	1	0	0	1	2	2	0	2	2	0	1	2	2	0
909326	C	T	1	0	0	1	2	2	0	2	2	0	1	2	2	0
909363	A	C	1	0	0	1	2	2	0	2	2	0	1	2	2	0
909555	A	G	1	0	0	1	2	2	0	2	2	0	1	2	2	0
909875	G	A	1	0	0	1	2	2	0	2	2	0	1	2	2	0
910069	T	C	1	0	0	1	2	2	0	2	2	0	1	2	2	0
910174	C	T	1	0	0	1	2	2	0	2	2	0	1	2	2	0
910394	C	T	1	0	0	1	2	2	0	2	2	0	1	2	2	0
910409	T	C	1	0	0	1	2	2	0	2	2	0	1	2	2	0
910433	C	T	1	0	0	1	2	2	0	2	2	0	1	2	2	0
910438	A	G	1	0	0	1	2	2	0	2	2	0	1	2	2	0
910473	G	A	1	0	0	1	2	2	0	2	2	0	1	2	2	0
910512	G	C	1	0	0	1	2	2	0	2	2	0	1	2	2	0
910903	T	C	1	0	0	1	2	2	0	2	2	0	1	2	2	0
910935	G	A	1	0	0	1	2	2	0	2	2	0	1	2	2	0
911160	C	T	1	0	0	1	2	2	0	2	2	0	1	2	2	0
911336	C	T	1	0	0	1	2	2	0	2	2	0	1	2	2	0
911418	A	C	1	0	0	1	2	2	0	2	2	0	1	2	2	0
911595	A	G	1	0	0	1	2	2	0	2	2	0	1	2	2	0
911828	C	T	1	0	0	1	2	2	0	2	2	0	1	2	2	0
911916	C	T	1	0	0	1	2	2	0	2	2	0	1	2	2	0
912049	T	C	1	0	0	1	2	2	0	2	2	0	1	2	2	0
913610	G	A	1	0	0	1	2	2	0	2	2	0	1	2	2	0
913698	C	T	1	0	0	1	2	2	0	2	2	0	1	2	2	0
913753	G	A	1	0	0	1	2	2	0	2	2	0	1	2	2	0
913889	G	A	1	0	0	1	2	2	0	2	2	0	1	2	2	0
914192	G	C	1	0	0	1	2	2	0	2	2	0	1	2	2	0
914263	G	T	1	0	0	1	2	2	0	2	2	0	1	2	2	0
914325	C	T	1	0	0	1	2	2	0	2	2	0	1	2	2	0
914333	C	G	1	0	0	1	2	2	0	2	2	0	1	2	2	0
914718	G	C	1	0	0	1	2	2	0	2	2	0	1	2	2	0
914805	G	A	1	0	0	1	2	2	0	2	2	0	1	2	2	0
914815	G	C	1	0	0	1	2	2	0	2	2	0	1	2	2	0
914852	G	C	1	0	0	1	2	2	0	2	2	0	1	2	2	0
914876	T	C	1	0	0	1	2	2	0	2	2	0	1	2	2	0
914940	T	C	1	0	0	1	2	2	0	2	2	0	1	2	2	0
915227	A	G	1	0	0	1	2	2	0	2	2	0	1	2	2	0
915251	A	T	1	0	0	1	2	2	0	2	2	0	1	2	2	0
915264	G	A	1	0	0	1	2	2	0	2	2	0	1	2	2	0
915399	C	T	1	0	0	1	2	2	0	2	2	0	1	2	2	0
915490	G	A	1	0	0	1	2	2	0	2	2	0	1	2	2	0
915592	C	T	1	0	0	1	2	2	0	2	2	0	1	2	2	0
916159	G	T	1	0	0	1	2	2	0	2	2	0	1	2	2	0
916534	C	T	1	0	0	1	2	2	0	2	2	0	1	2	2	0
916549	A	G	1	0	0	1	2	2	0	2	2	0	1	2	2	0
916662	A	C	1	0	0	1	2	2	0	2	2	0	1	2	2	0
916834	G	A	1	0	0	1	2	2	0	2	2	0	1	2	2	0
916976	G	A	1	0	0	1	2	2	0	2	2	0	1	2	2	0
917060	C	G	1	0	0	1	2	2	0	2	2	0	1	2	2	0
917315	G	A	1	0	0	1	2	2	0	2	2	0	1	2	2	0
917357	C	T	1	0	0	1	2	2	0	2	2	0	1	2	2	0
917492	C	T	1	0	0	1	2	2	0	2	2	0	1	2	2	0
917640	G	A	1	0	0	1	2	2	0	2	2	0	1	2	2	0
917688	C	G	1	0	0	1	2	2	0	2	2	0	1	2	2	0
917796	C	A	1	0	0	1	2	2	0	2	2	0	1	2	2	0
917902	C	T	1	0	0	1	2	2	0	2	2	0	1	2	2	0
918097	C	T	1	0	0	1	2	2	0	2	2	0	1	2	2	0
918238	C	G	1	0	0	1	2	2	0	2	2	0	1	2	2	0
918270	C	T	1	0	0	1	2	2	0	2	2	0	1	2	2	0
918384	G	T	1	0	0	1	2	2	0	2	2	0	1	2	2	0
918573	A	G	1	0	0	1	2	2	0	2	2	0	1	2	2	0
918617	G	A	1	0	0	1	2	2	0	2	2	0	1	2	2	0
919037	C	A	1	0	0	1	2	2	0	2	2	0	1	2	2	0
919127	T	C	1	0	0	1	2	2	0	2	2	0	1	2	2	0
919136	T	G	1	0	0	1	2	2	0	2	2	0	1	2	2	0
919419	T	C	1	0	0	1	2	2	0	2	2	0	1	2	2	0
919489	C	T	1	0	0	1	2	2	0	2	2	0	1	2	2	0
919501	G	T	1	0	0	1	2	2	0	2	2	0	1	2	2	0
919855	G	A	1	0	0	1	2	2	0	2	2	0	1	2	2	0
920051	G	A	1	0	0	1	2	2	0	2	2	0	1	2	2	0
920503	G	A	1	0	0	1	2	2	0	2	2	0	1	2	2	0
920640	C	T	1	0	0	1	2	2	0	2	2	0	1	2	2	0
920648	T	C	1	0	0	1	2	2	0	2	2	0	1	2	2	0
920649	G	A	1	0	0	1	2	2	0	2	2	0	1	2	2	0
920692	G	A	1	0	0	1	2	2	0	2	2	0	1	2	2	0
920733	T	C	1	0	0	1	2	2	0	2	2	0	1	2	2	0
920977	T	C	1	0	0	1	2	2	0	2	2	0	1	2	2	0
921137	C	T	1	0	0	1	2	2	0	2	2	0	1	2	2	0
921336	A	G	1	0	0	1	2	2	0	2	2	0	1	2	2	0
921387	G	A	1	0	0	1	2	2	0	2	2	0	1	2	2	0
921543	C	T	1	0	0	1	2	2	0	2	2	0	1	2	2	0
921660	C	T	1	0	0	1	2	2	0	2	2	0	1	2	2	0
921716	C	A	1	0	0	1	2	2	0	2	2	0	1	2	2	0
922009	G	A	1	0	0	1	2	2	0	2	2	0	1	2	2	0
922483	T	C	1	0	0	1	2	2	0	2	2	0	1	2	2	0
922786	T	C	1	0	0	1	2	2	0	2	2	0	1	2	2	0
923076	A	G	1	0	0	1	2	2	0	2	2	0	1	2	2	0
923411	A	T	1	0	0	1	2	2	0	2	2	0	1	2	2	0
923459	A	G	1	0	0	1	2	2	0	2	2	0	1	2	2	0
923631	T	G	1	0	0	1	2	2	0	2	2	0	1	2	2	0
923749	T	C	1	0	0	1	2	2	0	2	2	0	1	2	2	0
924101	C	T	1	0	0	1	2	2	0	2	2	0	1	2	2	0
924111	T	A	1	0	0	1	2	2	0	2	2	0	1	2	2	0
924147	C	T	1	0	0	1	2	2	0	2	2	0	1	2	2	0
924368	C	T	1	0	0	1	2	2	0	2	2	0	1	2	2	0
924422	G	T	1	0	0	1	2	2	0	2	2	0	1	2	2	0
924546	T	C	1	0	0	1	2	2	0	2	2	0	1	2	2	0
924597	C	T	1	0	0	1	2	2	0	2	2	0	1	2	2	0
924603	T	C	1	0	0	1	2	2	0	2	2	0	1	2	2	0
924718	G	A	1	0	0	1	2	2	0	2	2	0	1	2	2	0
924839	A	C	1	0	0	1	2	2	0	2	2	0	1	2	2	0
924898	C	A	1	0	0	1	2	2	0	2	2	0	1	2	2	0
925065	A	G	1	0	0	1	2	2	0	2	2	0	1	2	2	0
925114	G	C	1	0	0	1	2	2	0	2	2	0	1	2	2	0
925128	G	C	1	0	0	1	2	2	0	2	2	0	1	2	2	0
925190	A	G	1	0	0	1	2	2	0	2	2	0	1	2	2	0
925348	T	C	1	0	0	1	2	2	0	2	2	0	1	2	2	0
925377	T	C	1	0	0	1	2	2	0	2	2	0	1	2	2	0
925521	G	A	1	0	0	1	2	2	0	2	2	0	1	2	2	0
925614	G	C	1	0	0	1	2	2	0	2	2	0	1	2	2	0
925620	C	T	1	0	0	1	2	2	0	2	2	0	1	2	2	0
925674	G	A	1	0	0	1	2	2	0	2	2	0	1	2	2	0
925684	T	C	1	0	0	1	2	2	0	2	2	0	1	2	2	0
925819	A	G	1	0	0	1	2	2	0	2	2	0	1	2	2	0
925823	A	G	1	0	0	1	2	2	0	2	2	0	1	2	2	0
925919	A	G	1	0	0	1	2	2	0	2	2	0	1	2	2	0
925980	T	G	1	0	0	1	2	2	0	2	2	0	1	2	2	0
925981	G	A	1	0	0	1	2	2	0	2	2	0	1	2	2	0
926045	G	T	1	0	0	1	2	2	0	2	2	0	1	2	2	0
926058	C	T	1	0	0	1	2	2	0	2	2	0	1	2	2	0
926243	C	T	1	0	0	1	2	2	0	2	2	0	1	2	2	0
926250	C	G	1	0	0	1	2	2	0	2	2	0	1	2	2	0
926261	G	A	1	0	0	1	2	2	0	2	2	0	1	2	2	0
926351	C	T	1	0	0	1	2	2	0	2	2	0	1	2	2	0
926431	A	T	1	0	0	1	2	2	0	2	2	0	1	2	2	0
926595	T	C	1	0	0	1	2	2	0	2	2	0	1	2	2	0
926621	A	C	1	0	0	1	2	2	0	2	2	0	1	2	2	0
926940	T	G	1	0	0	1	2	2	0	2	2	0	1	2	2	0
926968	C	T	1	0	0	1	2	2	0	2	2	0	1	2	2	0
926993	T	G	1	0	0	1	2	2	0	2	2	0	1	2	2	0
927053	A	G	1	0	0	1	2	2	0	2	2	0	1	2	2	0
927309	T	C	1	0	0	1	2	2	0	2	2	0	1	2	2	0
927323	C	T	1	0	0	1	2	2	0	2	2	0	1	2	2	0
927573	T	C	1	0	0	1	2	2	0	2	2	0	1	2	2	0
927634	G	A	1	0	0	1	2	2	0	2	2	0	1	2	2	0
927693	T	C	1	0	0	1	2	2	0	2	2	0	1	2	2	0
927695	C	T	1	0	0	1	2	2	0	2	2	0	1	2	2	0
927713	G	T	1	0	0	1	2	2	0	2	2	0	1	2	2	0
927741	G	A	1	0	0	1	2	2	0	2	2	0	1	2	2	0
927794	C	T	1	0	0	1	2	2	0	2	2	0	1	2	2	0
927824	A	C	1	0	0	1	2	2	0	2	2	0	1	2	2	0
928011	G	T	1	0	0	1	2	2	0	2	2	0	1	2	2	0
928017	T	C	1	0	0	1	2	2	0	2	2	0	1	2	2	0
928021	A	C	1	0	0	1	2	2	0	2	2	0	1	2	2	0
928288	G	A	1	0	0	1	2	2	0	2	2	0	1	2	2	0
928297	G	A	1	0	0	1	2	2	0	2	2	0	1	2	2	0
928373	A	G	1	0	0	1	2	2	0	2	2	0	1	2	2	0
928416	G	A	1	0	0	1	2	2	0	2	2	0	1	2	2	0
928462	G	A	1	0	0	1	2	2	0	2	2	0	1	2	2	0
928488	G	A	1	0	0	1	2	2	0	2	2	0	1	2	2	0
928520	A	G	1	0	0	1	2	2	0	2	2	0	1	2	2	0
928534	A	G	1	0	0	1	2	2	0	2	2	0	1	2	2	0
928578	G	A	1	0	0	1	2	2	0	2	2	0	1	2	2	0
928598	C	G	1	0	0	1	2	2	0	2	2	0	1	2	2	0
928666	C	T	1	0	0	1	2	2	0	2	2	0	1	2	2	0
928744	T	G	1	0	0	1	2	2	0	2	2	0	1	2	2	0
928836	C	T	1	0	0	1	2	2	0	2	2	0	1	2	2	0
928969	C	T	1	0	0	1	2	2	0	2	2	0	1	2	2	0
929175	G	A	1	0	0	1	2	2	0	2	2	0	1	2	2	0
929190	A	G	1	0	0	1	2	2	0	2	2	0	1	2	2	0
929327	A	G	1	0	0	1	2	2	0	2	2	0	1	2	2	0
929565	G	T	1	0	0	1	2	2	0	2	2	0	1	2	2	0
929948	T	G	1	0	0	1	2	2	0	2	2	0	1	2	2	0
930299	G	A	1	0	0	1	2	2	0	2	2	0	1	2	2	0
930329	C	T	1	0	0	1	2	2	0	2	2	0	1	2	2	0
930377	C	T	1	0	0	1	2	2	0	2	2	0	1	2	2	0
930533	C	G	1	0	0	1	2	2	0	2	2	0	1	2	2	0
930567	A	G	1	0	0	1	2	2	0	2	2	0	1	2	2	0
930751	C	G	1	0	0	1	2	2	0	2	2	0	1	2	2	0
930826	G	A	1	0	0	1	2	2	0	2	2	0	1	2	2	0
930923	A	G	1	0	0	1	2	2	0	2	2	0	1	2	2	0
931014	A	G	1	0	0	1	2	2	0	2	2	0	1	2	2	0
931166	A	G	1	0	0	1	2	2	0	2	2	0	1	2	2	0
931229	C	T	1	0	0	1	2	2	0	2	2	0	1	2	2	0
931237	G	A	1	0	0	1	2	2	0	2	2	0	1	2	2	0
931339	G	A	1	0	0	1	2	2	0	2	2	0	1	2	2	0
931362	G	A	1	0	0	1	2	2	0	2	2	0	1	2	2	0
931455	C	A	1	0	0	1	2	2	0	2	2	0	1	2	2	0
931500	C	T	1	0	0	1	2	2	0	2	2	0	1	2	2	0
931508	T	A	1	0	0	1	2	2	0	2	2	0	1	2	2	0
931513	A	C	1	0	0	1	2	2	0	2	2	0	1	2	2	0
931548	G	T	1	0	0	1	2	2	0	2	2	0	1	2	2	0
931730	A	G	1	0	0	1	2	2	0	2	2	0	1	2	2	0
931873	A	G	1	0	0	1	2	2	0	2	2	0	1	2	2	0
932310	G	A	1	0	0	1	2	2	0	2	2	0	1	2	2	0
932618	C	G	1	0	0	1	2	2	0	2	2	0	1	2	2	0
933027	G	A	1	0	0	1	2	2	0	2	2	0	1	2	2	0
933447	G	A	1	0	0	1	2	2	0	2	2	0	1	2	2	0
933465	C	G	1	0	0	1	2	2	0	2	2	0	1	2	2	0
933589	C	T	1	0	0	1	2	2	0	2	2	0	1	2	2	0
933788	G	A	1	0	0	1	2	2	0	2	2	0	1	2	2	0
933790	G	A	1	0	0	1	2	2	0	2	2	0	1	2	2	0
933972	A	C	1	0	0	1	2	2	0	2	2	0	1	2	2	0
934099	G	C	1	0	0	1	2	2	0	2	2	0	1	2	2	0
934106	A	G	1	0	0	1	2	2	0	2	2	0	1	2	2	0
934121	G	A	1	0	0	1	2	2	0	2	2	0	1	2	2	0
934144	C	G	1	0	0	1	2	2	0	2	2	0	1	2	2	0
934345	G	A	1	0	0	1	2	2	0	2	2	0	1	2	2	0
935046	G	A	1	0	0	1	2	2	0	2	2	0	1	2	2	0
935222	C	A	1	0	0	1	2	2	0	2	2	0	1	2	2	0
935398	G	A	1	0	0	1	2	2	0	2	2	0	1	2	2	0
935459	A	G	1	0	0	1	2	2	0	2	2	0	1	2	2	0
935492	G	T	1	0	0	1	2	2	0	2	2	0	1	2	2	0
935659	C	T	1	0	0	1	2	2	0	2	2	0	1	2	2	0
935671	C	G	1	0	0	1	2	2	0	2	2	0	1	2	2	0
935715	C	T	1	0	0	1	2	2	0	2	2	0	1	2	2	0
935833	C	G	1	0	0	1	2	2	0	2	2	0	1	2	2	0
936111	C	T	1	0	0	1	2	2	0	2	2	0	1	2	2	0
936120	G	C	1	0	0	1	2	2	0	2	2	0	1	2	2	0
936194	A	G	1	0	0	1	2	2	0	2	2	0	1	2	2	0
936210	C	A	1	0	0	1	2	2	0	2	2	0	1	2	2	0
936487	C	G	1	0	0	1	2	2	0	2	2	0	1	2	2	0
936526	C	T	1	0	0	1	2	2	0	2	2	0	1	2	2	0
936687	C	A	1	0	0	1	2	2	0	2	2	0	1	2	2	0
936754	G	A	1	0	0	1	2	2	0	2	2	0	1	2	2	0
937250	C	G	1	0	0	1	2	2	0	2	2	0	1	2	2	0
937432	A	G	1	0	0	1	2	2	0	2	2	0	1	2	2	0
937491	G	A	1	0	0	1	2	2	0	2	2	0	1	2	2	0
937673	G	A	1	0	0	1	2	2	0	2	2	0	1	2	2	0
937688	T	C	1	0	0	1	2	2	0	2	2	0	1	2	2	0
937761	T	C	1	0	0	1	2	2	0	2	2	0	1	2	2	0
937778	C	T	1	0	0	1	2	2	0	2	2	0	1	2	2	0
937797	T	A	1	0	0	1	2	2	0	2	2	0	1	2	2	0
938116	T	G	1	0	0	1	2	2	0	2	2	0	1	2	2	0
938125	G	A	1	0	0	1	2	2	0	2	2	0	1	2	2	0
938213	A	G	1	0	0	1	2	2	0	2	2	0	1	2	2	0
938300	G	A	1	0	0	1	2	2	0	2	2	0	1	2	2	0
940005	A	G	1	0	0	1	2	2	0	2	2	0	1	2	2	0
940061	C	T	1	0	0	1	2	2	0	2	2	0	1	2	2	0
940096	C	T	1	0	0	1	2	2	0	2	2	0	1	2	2	0
940237	C	T	1	0	0	1	2	2	0	2	2	0	1	2	2	0
940330	A	T	1	0	0	1	2	2	0	2	2	0	1	2	2	0
941101	G	T	1	0	0	1	2	2	0	2	2	0	1	2	2	0
941284	C	T	1	0	0	1	2	2	0	2	2	0	1	2	2	0
941334	G	A	1	0	0	1	2	2	0	2	2	0	1	2	2	0
941355	C	T	1	0	0	1	2	2	0	2	2	0	1	2	2	0
941539	C	T	1	0	0	1	2	2	0	2	2	0	1	2	2	0
941570	T	A	1	0	0	1	2	2	0	2	2	0	1	2	2	0
941619	C	T	1	0	0	1	2	2	0	2	2	0	1	2	2	0
942292	T	A	1	0	0	1	2	2	0	2	2	0	1	2	2	0
942406	G	A	1	0	0	1	2	2	0	2	2	0	1	2	2	0
942609	T	C	1	0	0	1	2	2	0	2	2	0	1	2	2	0
942636	G	A	1	0	0	1	2	2	0	2	2	0	1	2	2	0
942687	C	T	1	0	0	1	2	2	0	2	2	0	1	2	2	0
942705	A	G	1	0	0	1	2	2	0	2	2	0	1	2	2	0
942894	G	A	1	0	0	1	2	2	0	2	2	0	1	2	2	0
943468	T	C	1	0	0	1	2	2	0	2	2	0	1	2	2	0
943687	G	C	1	0	0	1	2	2	0	2	2	0	1	2	2	0
943712	T	C	1	0	0	1	2	2	0	2	2	0	1	2	2	0
943749	T	A	1	0	0	1	2	2	0	2	2	0	1	2	2	0
943907	C	G	1	0	0	1	2	2	0	2	2	0	1	2	2	0
943968	C	T	1	0	0	1	2	2	0	2	2	0	1	2	2	0
944007	G	C	1	0	0	1	2	2	0	2	2	0	1	2	2	0
944009	A	C	1	0	0	1	2	2	0	2	2	0	1	2	2	0
944063	G	A	1	0	0	1	2	2	0	2	2	0	1	2	2	0
944200	C	T	1	0	0	1	2	2	0	2	2	0	1	2	2	0
944204	G	A	1	0	0	1	2	2	0	2	2	0	1	2	2	0
944232	C	T	1	0	0	1	2	2	0	2	2	0	1	2	2	0
944368	C	T	1	0	0	1	2	2	0	2	2	0	1	2	2	0
944564	T	C	1	0	0	1	2	2	0	2	2	0	1	2	2	0
944950	G	A	1	0	0	1	2	2	0	2	2	0	1	2	2	0
944956	G	A	1	0	0	1	2	2	0	2	2	0	1	2	2	0
944982	G	A	1	0	0	1	2	2	0	2	2	0	1	2	2	0
945096	C	T	1	0	0	1	2	2	0	2	2	0	1	2	2	0
945111	C	T	1	0	0	1	2	2	0	2	2	0	1	2	2	0
945167	G	A	1	0	0	1	2	2	0	2	2	0	1	2	2	0
945225	T	C	1	0	0	1	2	2	0	2	2	0	1	2	2	0
945234	A	G	1	0	0	1	2	2	0	2	2	0	1	2	2	0
945349	G	A	1	0	0	1	2	2	0	2	2	0	1	2	2	0
945474	C	T	1	0	0	1	2	2	0	2	2	0	1	2	2	0
945478	G	A	1	0	0	1	2	2	0	2	2	0	1	2	2	0
945612	C	T	1	0	0	1	2	2	0	2	2	0	1	2	2	0
945837	A	T	1	0	0	1	2	2	0	2	2	0	1	2	2	0
945911	T	C	1	0	0	1	2	2	0	2	2	0	1	2	2	0
945944	T	C	1	0	0	1	2	2	0	2	2	0	1	2	2	0
946162	C	G	1	0	0	1	2	2	0	2	2	0	1	2	2	0
