position	ref	alt	HGDP00988	HGDP00991	HGDP00992	HGDP00993	HGDP00994	HGDP01028	HGDP01029	HGDP01030	HGDP01031	HGDP01032	HGDP01033	HGDP01034	HGDP01035	HGDP01036
768448	G	A	1	2	2	1	0	0	1	0	0	2	0	0	0	2
769223	C	G	1	2	2	1	0	0	1	0	0	2	0	0	0	2
769374	G	A	1	2	2	1	0	0	1	0	0	2	0	0	0	2
770735	A	G	1	2	2	1	0	0	1	0	0	2	0	0	0	2
771823	T	C	1	2	2	1	0	0	1	0	0	2	0	0	0	2
771967	G	A	1	2	2	1	0	0	1	0	0	2	0	0	0	2
772016	G	A	1	2	2	1	0	0	1	0	0	2	0	0	0	2
772028	G	A	1	2	2	1	0	0	1	0	0	2	0	0	0	2
772148	G	A	1	2	2	1	0	0	1	0	0	2	0	0	0	2
772437	C	T	1	2	2	1	0	0	1	0	0	2	0	0	0	2
772614	T	C	1	2	2	1	0	0	1	0	0	2	0	0	0	2
772755	A	C	1	2	2	1	0	0	1	0	0	2	0	0	0	2
773170	G	A	1	2	2	1	0	0	1	0	0	2	0	0	0	2
773476	G	T	1	2	2	1	0	0	1	0	0	2	0	0	0	2
773692	A	G	1	2	2	1	0	0	1	0	0	2	0	0	0	2
773861	T	A	1	2	2	1	0	0	1	0	0	2	0	0	0	2
773998	C	T	1	2	2	1	0	0	1	0	0	2	0	0	0	2
774179	T	C	1	2	2	1	0	0	1	0	0	2	0	0	0	2
775181	A	G	1	2	2	1	0	0	1	0	0	2	0	0	0	2
775426	G	A	1	2	2	1	0	0	1	0	0	2	0	0	0	2
775607	T	G	1	2	2	1	0	0	1	0	0	2	0	0	0	2
776064	G	A	1	2	2	1	0	0	1	0	0	2	0	0	0	2
776112	T	C	1	2	2	1	0	0	1	0	0	2	0	0	0	2
776465	A	G	1	2	2	1	0	0	1	0	0	2	0	0	0	2
776499	A	G	1	2	2	1	0	0	1	0	0	2	0	0	0	2
776814	C	G	1	2	2	1	0	0	1	0	0	2	0	0	0	2
776816	G	A	1	2	2	1	0	0	1	0	0	2	0	0	0	2
777082	C	G	1	2	2	1	0	0	1	0	0	2	0	0	0	2
777122	A	T	1	2	2	1	0	0	1	0	0	2	0	0	0	2
777237	C	A	1	2	2	1	0	0	1	0	0	2	0	0	0	2
777361	T	C	1	2	2	1	0	0	1	0	0	2	0	0	0	2
777513	G	A	1	2	2	1	0	0	1	0	0	2	0	0	0	2
778745	A	G	1	2	2	1	0	0	1	0	0	2	0	0	0	2
779146	G	C	1	2	2	1	0	0	1	0	0	2	0	0	0	2
779286	C	A	1	2	2	1	0	0	1	0	0	2	0	0	0	2
779322	A	G	1	2	2	1	0	0	1	0	0	2	0	0	0	2
779744	T	G	1	2	2	1	0	0	1	0	0	2	0	0	0	2
780191	A	G	1	2	2	1	0	0	1	0	0	2	0	0	0	2
780229	T	C	1	2	2	1	0	0	1	0	0	2	0	0	0	2
780256	A	T	1	2	2	1	0	0	1	0	0	2	0	0	0	2
780782	A	G	1	2	2	1	0	0	1	0	0	2	0	0	0	2
780785	T	A	1	2	2	1	0	0	1	0	0	2	0	0	0	2
780843	A	G	1	2	2	1	0	0	1	0	0	2	0	0	0	2
780854	T	G	1	2	2	1	0	0	1	0	0	2	0	0	0	2
781540	T	C	1	2	2	1	0	0	1	0	0	2	0	0	0	2
781577	C	T	1	2	2	1	0	0	1	0	0	2	0	0	0	2
781581	C	T	1	2	2	1	0	0	1	0	0	2	0	0	0	2
781700	G	A	1	2	2	1	0	0	1	0	0	2	0	0	0	2
781718	A	G	1	2	2	1	0	0	1	0	0	2	0	0	0	2
782113	C	G	1	2	2	1	0	0	1	0	0	2	0	0	0	2
782225	G	A	1	2	2	1	0	0	1	0	0	2	0	0	0	2
782340	G	T	1	2	2	1	0	0	1	0	0	2	0	0	0	2
782396	A	G	1	2	2	1	0	0	1	0	0	2	0	0	0	2
782470	G	A	1	2	2	1	0	0	1	0	0	2	0	0	0	2
782528	T	C	1	2	2	1	0	0	1	0	0	2	0	0	0	2
782677	G	T	1	2	2	1	0	0	1	0	0	2	0	0	0	2
782981	C	T	1	2	2	1	0	0	1	0	0	2	0	0	0	2
783071	C	T	1	2	2	1	0	0	1	0	0	2	0	0	0	2
783175	G	A	1	2	2	1	0	0	1	0	0	2	0	0	0	2
783186	G	C	1	2	2	1	0	0	1	0	0	2	0	0	0	2
783757	A	C	1	2	2	1	0	0	1	0	0	2	0	0	0	2
783803	C	T	1	2	2	1	0	0	1	0	0	2	0	0	0	2
784751	G	A	1	2	2	1	0	0	1	0	0	2	0	0	0	2
785050	G	A	1	2	2	1	0	0	1	0	0	2	0	0	0	2
785140	A	C	1	2	2	1	0	0	1	0	0	2	0	0	0	2
785503	G	A	1	2	2	1	0	0	1	0	0	2	0	0	0	2
785580	A	G	1	2	2	1	0	0	1	0	0	2	0	0	0	2
785989	T	C	1	2	2	1	0	0	1	0	0	2	0	0	0	2
786987	T	G	1	2	2	1	0	0	1	0	0	2	0	0	0	2
787399	G	T	1	2	2	1	0	0	1	0	0	2	0	0	0	2
787507	G	A	1	2	2	1	0	0	1	0	0	2	0	0	0	2
787606	G	T	1	2	2	1	0	0	1	0	0	2	0	0	0	2
787685	G	T	1	2	2	1	0	0	1	0	0	2	0	0	0	2
788004	T	C	1	2	2	1	0	0	1	0	0	2	0	0	0	2
788037	T	C	1	2	2	1	0	0	1	0	0	2	0	0	0	2
788348	A	G	1	2	2	1	0	0	1	0	0	2	0	0	0	2
788595	C	G	1	2	2	1	0	0	1	0	0	2	0	0	0	2
789256	T	C	1	2	2	1	0	0	1	0	0	2	0	0	0	2
790049	G	A	1	2	2	1	0	0	1	0	0	2	0	0	0	2
790153	T	C	1	2	2	1	0	0	1	0	0	2	0	0	0	2
790188	G	A	1	2	2	1	0	0	1	0	0	2	0	0	0	2
790381	G	A	1	2	2	1	0	0	1	0	0	2	0	0	0	2
790465	G	A	1	2	2	1	0	0	1	0	0	2	0	0	0	2
790550	G	C	1	2	2	1	0	0	1	0	0	2	0	0	0	2
790656	A	G	1	2	2	1	0	0	1	0	0	2	0	0	0	2
790667	C	T	1	2	2	1	0	0	1	0	0	2	0	0	0	2
790782	C	G	1	2	2	1	0	0	1	0	0	2	0	0	0	2
790860	C	G	1	2	2	1	0	0	1	0	0	2	0	0	0	2
790887	G	A	1	2	2	1	0	0	1	0	0	2	0	0	0	2
790984	G	C	1	2	2	1	0	0	1	0	0	2	0	0	0	2
791191	G	A	1	2	2	1	0	0	1	0	0	2	0	0	0	2
791291	C	T	1	2	2	1	0	0	1	0	0	2	0	0	0	2
791303	G	A	1	2	2	1	0	0	1	0	0	2	0	0	0	2
791315	A	G	1	2	2	1	0	0	1	0	0	2	0	0	0	2
791328	G	A	1	2	2	1	0	0	1	0	0	2	0	0	0	2
791420	A	C	1	2	2	1	0	0	1	0	0	2	0	0	0	2
791715	A	G	1	2	2	1	0	0	1	0	0	2	0	0	0	2
791853	G	A	1	2	2	1	0	0	1	0	0	2	0	0	0	2
791858	G	A	1	2	2	1	0	0	1	0	0	2	0	0	0	2
791876	G	A	1	2	2	1	0	0	1	0	0	2	0	0	0	2
791932	C	T	1	2	2	1	0	0	1	0	0	2	0	0	0	2
791987	T	C	1	2	2	1	0	0	1	0	0	2	0	0	0	2
792263	A	G	1	2	2	1	0	0	1	0	0	2	0	0	0	2
793770	G	A	1	2	2	1	0	0	1	0	0	2	0	0	0	2
794616	T	C	1	2	2	1	0	0	1	0	0	2	0	0	0	2
794874	T	C	1	2	2	1	0	0	1	0	0	2	0	0	0	2
795420	G	A	1	2	2	1	0	0	1	0	0	2	0	0	0	2
795692	T	C	1	2	2	1	0	0	1	0	0	2	0	0	0	2
795988	C	T	1	2	2	1	0	0	1	0	0	2	0	0	0	2
796066	G	A	1	2	2	1	0	0	1	0	0	2	0	0	0	2
796176	G	C	1	2	2	1	0	0	1	0	0	2	0	0	0	2
796375	T	C	1	2	2	1	0	0	1	0	0	2	0	0	0	2
796767	G	A	1	2	2	1	0	0	1	0	0	2	0	0	0	2
797440	T	C	1	2	2	1	0	0	1	0	0	2	0	0	0	2
798026	C	T	1	2	2	1	0	0	1	0	0	2	0	0	0	2
798430	G	A	1	2	2	1	0	0	1	0	0	2	0	0	0	2
798801	G	A	1	2	2	1	0	0	1	0	0	2	0	0	0	2
798959	G	A	1	2	2	1	0	0	1	0	0	2	0	0	0	2
799499	T	C	1	2	2	1	0	0	1	0	0	2	0	0	0	2
799523	G	A	1	2	2	1	0	0	1	0	0	2	0	0	0	2
799727	G	A	1	2	2	1	0	0	1	0	0	2	0	0	0	2
800007	T	C	1	2	2	1	0	0	1	0	0	2	0	0	0	2
800383	C	T	1	2	2	1	0	0	1	0	0	2	0	0	0	2
800970	G	C	1	2	2	1	0	0	1	0	0	2	0	0	0	2
801044	A	C	1	2	2	1	0	0	1	0	0	2	0	0	0	2
801467	G	C	1	2	2	1	0	0	1	0	0	2	0	0	0	2
801777	G	A	1	2	2	1	0	0	1	0	0	2	0	0	0	2
801787	C	G	1	2	2	1	0	0	1	0	0	2	0	0	0	2
801943	C	T	1	2	2	1	0	0	1	0	0	2	0	0	0	2
802093	G	A	1	2	2	1	0	0	1	0	0	2	0	0	0	2
802496	C	T	1	2	2	1	0	0	1	0	0	2	0	0	0	2
803110	G	A	1	2	2	1	0	0	1	0	0	2	0	0	0	2
803582	G	T	1	2	2	1	0	0	1	0	0	2	0	0	0	2
803706	G	C	1	2	2	1	0	0	1	0	0	2	0	0	0	2
804540	T	C	1	2	2	1	0	0	1	0	0	2	0	0	0	2
804759	C	T	1	2	2	1	0	0	1	0	0	2	0	0	0	2
805109	G	A	1	2	2	1	0	0	1	0	0	2	0	0	0	2
805498	C	T	1	2	2	1	0	0	1	0	0	2	0	0	0	2
807579	G	T	1	2	2	1	0	0	1	0	0	2	0	0	0	2
807585	A	T	1	2	2	1	0	0	1	0	0	2	0	0	0	2
807728	C	A	1	2	2	1	0	0	1	0	0	2	0	0	0	2
807997	G	A	1	2	2	1	0	0	1	0	0	2	0	0	0	2
808289	A	T	1	2	2	1	0	0	1	0	0	2	0	0	0	2
808557	C	T	1	2	2	1	0	0	1	0	0	2	0	0	0	2
808631	G	A	1	2	2	1	0	0	1	0	0	2	0	0	0	2
808928	C	T	1	2	2	1	0	0	1	0	0	2	0	0	0	2
809690	G	A	1	2	2	1	0	0	1	0	0	2	0	0	0	2
809876	A	G	1	2	2	1	0	0	1	0	0	2	0	0	0	2
810029	G	A	1	2	2	1	0	0	1	0	0	2	0	0	0	2
810286	G	A	1	2	2	1	0	0	1	0	0	2	0	0	0	2
810780	G	C	1	2	2	1	0	0	1	0	0	2	0	0	0	2
810799	G	A	1	2	2	1	0	0	1	0	0	2	0	0	0	2
811136	G	C	1	2	2	1	0	0	1	0	0	2	0	0	0	2
812743	C	T	1	2	2	1	0	0	1	0	0	2	0	0	0	2
812751	T	C	1	2	2	1	0	0	1	0	0	2	0	0	0	2
813168	G	A	1	2	2	1	0	0	1	0	0	2	0	0	0	2
814028	G	A	1	2	2	1	0	0	1	0	0	2	0	0	0	2
816253	G	A	1	2	2	1	0	0	1	0	0	2	0	0	0	2
816493	A	G	1	2	2	1	0	0	1	0	0	2	0	0	0	2
817234	A	T	1	2	2	1	0	0	1	0	0	2	0	0	0	2
819398	G	T	1	2	2	1	0	0	1	0	0	2	0	0	0	2
819657	G	T	1	2	2	1	0	0	1	0	0	2	0	0	0	2
819869	T	C	1	2	2	1	0	0	1	0	0	2	0	0	0	2
819959	C	T	1	2	2	1	0	0	1	0	0	2	0	0	0	2
819962	A	G	1	2	2	1	0	0	1	0	0	2	0	0	0	2
819973	C	T	1	2	2	1	0	0	1	0	0	2	0	0	0	2
820584	C	T	1	2	2	1	0	0	1	0	0	2	0	0	0	2
820690	G	C	1	2	2	1	0	0	1	0	0	2	0	0	0	2
821520	A	G	1	2	2	1	0	0	1	0	0	2	0	0	0	2
821710	C	T	1	2	2	1	0	0	1	0	0	2	0	0	0	2
821840	A	C	1	2	2	1	0	0	1	0	0	2	0	0	0	2
821926	C	G	1	2	2	1	0	0	1	0	0	2	0	0	0	2
821948	T	C	1	2	2	1	0	0	1	0	0	2	0	0	0	2
822023	C	T	1	2	2	1	0	0	1	0	0	2	0	0	0	2
822544	G	T	1	2	2	1	0	0	1	0	0	2	0	0	0	2
823064	C	T	1	2	2	1	0	0	1	0	0	2	0	0	0	2
823160	C	T	1	2	2	1	0	0	1	0	0	2	0	0	0	2
823426	G	T	1	2	2	1	0	0	1	0	0	2	0	0	0	2
823505	T	C	1	2	2	1	0	0	1	0	0	2	0	0	0	2
823897	G	A	1	2	2	1	0	0	1	0	0	2	0	0	0	2
823948	G	A	1	2	2	1	0	0	1	0	0	2	0	0	0	2
824398	A	C	1	2	2	1	0	0	1	0	0	2	0	0	0	2
824709	A	C	1	2	2	1	0	0	1	0	0	2	0	0	0	2
825069	G	C	1	2	2	1	0	0	1	0	0	2	0	0	0	2
825125	C	A	1	2	2	1	0	0	1	0	0	2	0	0	0	2
825410	G	A	1	2	2	1	0	0	1	0	0	2	0	0	0	2
825464	G	A	1	2	2	1	0	0	1	0	0	2	0	0	0	2
825517	T	C	1	2	2	1	0	0	1	0	0	2	0	0	0	2
825554	A	G	1	2	2	1	0	0	1	0	0	2	0	0	0	2
826135	C	T	1	2	2	1	0	0	1	0	0	2	0	0	0	2
826510	T	A	1	2	2	1	0	0	1	0	0	2	0	0	0	2
827253	C	A	1	2	2	1	0	0	1	0	0	2	0	0	0	2
827257	T	C	1	2	2	1	0	0	1	0	0	2	0	0	0	2
827267	C	T	1	2	2	1	0	0	1	0	0	2	0	0	0	2
827277	T	C	1	2	2	1	0	0	1	0	0	2	0	0	0	2
827323	C	T	1	2	2	1	0	0	1	0	0	2	0	0	0	2
827331	T	C	1	2	2	1	0	0	1	0	0	2	0	0	0	2
828113	A	T	1	2	2	1	0	0	1	0	0	2	0	0	0	2
828166	A	G	1	2	2	1	0	0	1	0	0	2	0	0	0	2
828175	G	A	1	2	2	1	0	0	1	0	0	2	0	0	0	2
828468	G	A	1	2	2	1	0	0	1	0	0	2	0	0	0	2
828740	A	G	1	2	2	1	0	0	1	0	0	2	0	0	0	2
828883	G	A	1	2	2	1	0	0	1	0	0	2	0	0	0	2
829106	A	G	1	2	2	1	0	0	1	0	0	2	0	0	0	2
829333	G	A	1	2	2	1	0	0	1	0	0	2	0	0	0	2
829471	T	C	1	2	2	1	0	0	1	0	0	2	0	0	0	2
830181	A	G	1	2	2	1	0	0	1	0	0	2	0	0	0	2
830359	C	T	1	2	2	1	0	0	1	0	0	2	0	0	0	2
830403	T	C	1	2	2	1	0	0	1	0	0	2	0	0	0	2
830579	A	C	1	2	2	1	0	0	1	0	0	2	0	0	0	2
830881	G	A	1	2	2	1	0	0	1	0	0	2	0	0	0	2
831027	C	T	1	2	2	1	0	0	1	0	0	2	0	0	0	2
831489	C	T	1	2	2	1	0	0	1	0	0	2	0	0	0	2
831909	C	T	1	2	2	1	0	0	1	0	0	2	0	0	0	2
832066	G	C	1	2	2	1	0	0	1	0	0	2	0	0	0	2
832112	T	C	1	2	2	1	0	0	1	0	0	2	0	0	0	2
832178	A	G	1	2	2	1	0	0	1	0	0	2	0	0	0	2
832318	C	A	1	2	2	1	0	0	1	0	0	2	0	0	0	2
832359	C	T	1	2	2	1	0	0	1	0	0	2	0	0	0	2
832398	T	C	1	2	2	1	0	0	1	0	0	2	0	0	0	2
832809	T	G	1	2	2	1	0	0	1	0	0	2	0	0	0	2
832918	T	C	1	2	2	1	0	0	1	0	0	2	0	0	0	2
833280	A	C	1	2	2	1	0	0	1	0	0	2	0	0	0	2
833418	G	A	1	2	2	1	0	0	1	0	0	2	0	0	0	2
833421	T	C	1	2	2	1	0	0	1	0	0	2	0	0	0	2
833824	T	C	1	2	2	1	0	0	1	0	0	2	0	0	0	2
833927	T	C	1	2	2	1	0	0	1	0	0	2	0	0	0	2
834056	A	C	1	2	2	1	0	0	1	0	0	2	0	0	0	2
834198	T	C	1	2	2	1	0	0	1	0	0	2	0	0	0	2
834263	C	T	1	2	2	1	0	0	1	0	0	2	0	0	0	2
834753	G	C	1	2	2	1	0	0	1	0	0	2	0	0	0	2
834832	G	C	1	2	2	1	0	0	1	0	0	2	0	0	0	2
834928	A	G	1	2	2	1	0	0	1	0	0	2	0	0	0	2
834956	G	A	1	2	2	1	0	0	1	0	0	2	0	0	0	2
834991	C	T	1	2	2	1	0	0	1	0	0	2	0	0	0	2
834999	G	A	1	2	2	1	0	0	1	0	0	2	0	0	0	2
835009	G	A	1	2	2	1	0	0	1	0	0	2	0	0	0	2
835236	G	A	1	2	2	1	0	0	1	0	0	2	0	0	0	2
835242	C	T	1	2	2	1	0	0	1	0	0	2	0	0	0	2
835491	C	T	1	2	2	1	0	0	1	0	0	2	0	0	0	2
835499	A	G	1	2	2	1	0	0	1	0	0	2	0	0	0	2
835742	A	G	1	2	2	1	0	0	1	0	0	2	0	0	0	2
836529	C	G	1	2	2	1	0	0	1	0	0	2	0	0	0	2
836896	T	C	1	2	2	1	0	0	1	0	0	2	0	0	0	2
836924	G	A	1	2	2	1	0	0	1	0	0	2	0	0	0	2
837014	G	A	1	2	2	1	0	0	1	0	0	2	0	0	0	2
837192	A	G	1	2	2	1	0	0	1	0	0	2	0	0	0	2
837303	G	A	1	2	2	1	0	0	1	0	0	2	0	0	0	2
837428	G	A	1	2	2	1	0	0	1	0	0	2	0	0	0	2
837748	A	G	1	2	2	1	0	0	1	0	0	2	0	0	0	2
837786	C	A	1	2	2	1	0	0	1	0	0	2	0	0	0	2
837917	A	G	1	2	2	1	0	0	1	0	0	2	0	0	0	2
838170	C	T	1	2	2	1	0	0	1	0	0	2	0	0	0	2
838260	C	T	1	2	2	1	0	0	1	0	0	2	0	0	0	2
838387	T	C	1	2	2	1	0	0	1	0	0	2	0	0	0	2
838555	C	A	1	2	2	1	0	0	1	0	0	2	0	0	0	2
838646	G	A	1	2	2	1	0	0	1	0	0	2	0	0	0	2
838665	T	C	1	2	2	1	0	0	1	0	0	2	0	0	0	2
838729	T	C	1	2	2	1	0	0	1	0	0	2	0	0	0	2
838732	G	A	1	2	2	1	0	0	1	0	0	2	0	0	0	2
838830	G	T	1	2	2	1	0	0	1	0	0	2	0	0	0	2
838890	A	G	1	2	2	1	0	0	1	0	0	2	0	0	0	2
838916	A	T	1	2	2	1	0	0	1	0	0	2	0	0	0	2
838931	A	C	1	2	2	1	0	0	1	0	0	2	0	0	0	2
839087	T	C	1	2	2	1	0	0	1	0	0	2	0	0	0	2
839103	A	G	1	2	2	1	0	0	1	0	0	2	0	0	0	2
839461	T	C	1	2	2	1	0	0	1	0	0	2	0	0	0	2
839495	G	T	1	2	2	1	0	0	1	0	0	2	0	0	0	2
839528	A	G	1	2	2	1	0	0	1	0	0	2	0	0	0	2
839529	T	G	1	2	2	1	0	0	1	0	0	2	0	0	0	2
839797	G	A	1	2	2	1	0	0	1	0	0	2	0	0	0	2
839847	C	T	1	2	2	1	0	0	1	0	0	2	0	0	0	2
840043	C	T	1	2	2	1	0	0	1	0	0	2	0	0	0	2
841056	C	T	1	2	2	1	0	0	1	0	0	2	0	0	0	2
841085	C	G	1	2	2	1	0	0	1	0	0	2	0	0	0	2
842013	T	G	1	2	2	1	0	0	1	0	0	2	0	0	0	2
842250	A	G	1	2	2	1	0	0	1	0	0	2	0	0	0	2
842362	C	T	1	2	2	1	0	0	1	0	0	2	0	0	0	2
842461	G	A	1	2	2	1	0	0	1	0	0	2	0	0	0	2
842537	C	T	1	2	2	1	0	0	1	0	0	2	0	0	0	2
842652	C	T	1	2	2	1	0	0	1	0	0	2	0	0	0	2
842690	G	A	1	2	2	1	0	0	1	0	0	2	0	0	0	2
842825	A	G	1	2	2	1	0	0	1	0	0	2	0	0	0	2
843182	C	T	1	2	2	1	0	0	1	0	0	2	0	0	0	2
843312	C	T	1	2	2	1	0	0	1	0	0	2	0	0	0	2
843366	C	T	1	2	2	1	0	0	1	0	0	2	0	0	0	2
843405	A	G	1	2	2	1	0	0	1	0	0	2	0	0	0	2
844300	C	G	1	2	2	1	0	0	1	0	0	2	0	0	0	2
844324	G	A	1	2	2	1	0	0	1	0	0	2	0	0	0	2
845274	G	T	1	2	2	1	0	0	1	0	0	2	0	0	0	2
845283	G	T	1	2	2	1	0	0	1	0	0	2	0	0	0	2
845593	G	A	1	2	2	1	0	0	1	0	0	2	0	0	0	2
845635	C	T	1	2	2	1	0	0	1	0	0	2	0	0	0	2
845938	G	A	1	2	2	1	0	0	1	0	0	2	0	0	0	2
846078	C	T	1	2	2	1	0	0	1	0	0	2	0	0	0	2
846321	T	C	1	2	2	1	0	0	1	0	0	2	0	0	0	2
846338	A	G	1	2	2	1	0	0	1	0	0	2	0	0	0	2
846398	G	A	1	2	2	1	0	0	1	0	0	2	0	0	0	2
846465	C	T	1	2	2	1	0	0	1	0	0	2	0	0	0	2
846489	T	C	1	2	2	1	0	0	1	0	0	2	0	0	0	2
846543	G	T	1	2	2	1	0	0	1	0	0	2	0	0	0	2
846586	A	G	1	2	2	1	0	0	1	0	0	2	0	0	0	2
846687	C	T	1	2	2	1	0	0	1	0	0	2	0	0	0	2
846808	C	T	1	2	2	1	0	0	1	0	0	2	0	0	0	2
846854	G	A	1	2	2	1	0	0	1	0	0	2	0	0	0	2
846864	G	C	1	2	2	1	0	0	1	0	0	2	0	0	0	2
846983	C	T	1	2	2	1	0	0	1	0	0	2	0	0	0	2
847041	C	T	1	2	2	1	0	0	1	0	0	2	0	0	0	2
847297	G	A	1	2	2	1	0	0	1	0	0	2	0	0	0	2
847491	G	A	1	2	2	1	0	0	1	0	0	2	0	0	0	2
847658	T	C	1	2	2	1	0	0	1	0	0	2	0	0	0	2
848023	C	A	1	2	2	1	0	0	1	0	0	2	0	0	0	2
848090	G	A	1	2	2	1	0	0	1	0	0	2	0	0	0	2
848297	G	A	1	2	2	1	0	0	1	0	0	2	0	0	0	2
848440	C	T	1	2	2	1	0	0	1	0	0	2	0	0	0	2
848445	G	A	1	2	2	1	0	0	1	0	0	2	0	0	0	2
848456	A	G	1	2	2	1	0	0	1	0	0	2	0	0	0	2
848738	C	T	1	2	2	1	0	0	1	0	0	2	0	0	0	2
849285	G	A	1	2	2	1	0	0	1	0	0	2	0	0	0	2
849440	C	T	1	2	2	1	0	0	1	0	0	2	0	0	0	2
849441	A	G	1	2	2	1	0	0	1	0	0	2	0	0	0	2
849524	C	T	1	2	2	1	0	0	1	0	0	2	0	0	0	2
849553	A	G	1	2	2	1	0	0	1	0	0	2	0	0	0	2
849813	C	T	1	2	2	1	0	0	1	0	0	2	0	0	0	2
849998	A	G	1	2	2	1	0	0	1	0	0	2	0	0	0	2
850062	A	T	1	2	2	1	0	0	1	0	0	2	0	0	0	2
850115	C	T	1	2	2	1	0	0	1	0	0	2	0	0	0	2
850123	C	T	1	2	2	1	0	0	1	0	0	2	0	0	0	2
850218	T	A	1	2	2	1	0	0	1	0	0	2	0	0	0	2
850324	G	A	1	2	2	1	0	0	1	0	0	2	0	0	0	2
850371	G	T	1	2	2	1	0	0	1	0	0	2	0	0	0	2
850528	A	G	1	2	2	1	0	0	1	0	0	2	0	0	0	2
850780	C	T	1	2	2	1	0	0	1	0	0	2	0	0	0	2
851190	G	A	1	2	2	1	0	0	1	0	0	2	0	0	0	2
851204	G	C	1	2	2	1	0	0	1	0	0	2	0	0	0	2
851499	A	G	1	2	2	1	0	0	1	0	0	2	0	0	0	2
852037	G	A	1	2	2	1	0	0	1	0	0	2	0	0	0	2
852063	G	A	1	2	2	1	0	0	1	0	0	2	0	0	0	2
852133	C	T	1	2	2	1	0	0	1	0	0	2	0	0	0	2
852339	C	T	1	2	2	1	0	0	1	0	0	2	0	0	0	2
852443	A	C	1	2	2	1	0	0	1	0	0	2	0	0	0	2
852502	C	T	1	2	2	1	0	0	1	0	0	2	0	0	0	2
852517	A	G	1	2	2	1	0	0	1	0	0	2	0	0	0	2
852664	C	T	1	2	2	1	0	0	1	0	0	2	0	0	0	2
852758	G	C	1	2	2	1	0	0	1	0	0	2	0	0	0	2
852772	G	A	1	2	2	1	0	0	1	0	0	2	0	0	0	2
852875	C	T	1	2	2	1	0	0	1	0	0	2	0	0	0	2
852964	T	G	1	2	2	1	0	0	1	0	0	2	0	0	0	2
853130	G	A	1	2	2	1	0	0	1	0	0	2	0	0	0	2
853239	A	G	1	2	2	1	0	0	1	0	0	2	0	0	0	2
853267	G	T	1	2	2	1	0	0	1	0	0	2	0	0	0	2
853272	G	A	1	2	2	1	0	0	1	0	0	2	0	0	0	2
853488	G	A	1	2	2	1	0	0	1	0	0	2	0	0	0	2
853707	C	T	1	2	2	1	0	0	1	0	0	2	0	0	0	2
853805	C	T	1	2	2	1	0	0	1	0	0	2	0	0	0	2
853954	C	A	1	2	2	1	0	0	1	0	0	2	0	0	0	2
854168	C	T	1	2	2	1	0	0	1	0	0	2	0	0	0	2
854250	A	G	1	2	2	1	0	0	1	0	0	2	0	0	0	2
854406	G	C	1	2	2	1	0	0	1	0	0	2	0	0	0	2
854429	G	A	1	2	2	1	0	0	1	0	0	2	0	0	0	2
854777	A	G	1	2	2	1	0	0	1	0	0	2	0	0	0	2
854978	A	C	1	2	2	1	0	0	1	0	0	2	0	0	0	2
855075	C	G	1	2	2	1	0	0	1	0	0	2	0	0	0	2
855168	G	A	1	2	2	1	0	0	1	0	0	2	0	0	0	2
855299	G	A	1	2	2	1	0	0	1	0	0	2	0	0	0	2
855485	G	A	1	2	2	1	0	0	1	0	0	2	0	0	0	2
855774	G	A	1	2	2	1	0	0	1	0	0	2	0	0	0	2
855808	T	C	1	2	2	1	0	0	1	0	0	2	0	0	0	2
855949	G	A	1	2	2	1	0	0	1	0	0	2	0	0	0	2
855968	C	T	1	2	2	1	0	0	1	0	0	2	0	0	0	2
855996	C	T	1	2	2	1	0	0	1	0	0	2	0	0	0	2
856041	G	A	1	2	2	1	0	0	1	0	0	2	0	0	0	2
856042	C	T	1	2	2	1	0	0	1	0	0	2	0	0	0	2
856099	T	G	1	2	2	1	0	0	1	0	0	2	0	0	0	2
856108	A	G	1	2	2	1	0	0	1	0	0	2	0	0	0	2
856172	C	A	1	2	2	1	0	0	1	0	0	2	0	0	0	2
856329	C	G	1	2	2	1	0	0	1	0	0	2	0	0	0	2
856352	G	A	1	2	2	1	0	0	1	0	0	2	0	0	0	2
856405	G	A	1	2	2	1	0	0	1	0	0	2	0	0	0	2
856476	A	G	1	2	2	1	0	0	1	0	0	2	0	0	0	2
857177	T	C	1	2	2	1	0	0	1	0	0	2	0	0	0	2
857443	C	T	1	2	2	1	0	0	1	0	0	2	0	0	0	2
857653	C	G	1	2	2	1	0	0	1	0	0	2	0	0	0	2
857728	T	G	1	2	2	1	0	0	1	0	0	2	0	0	0	2
857808	T	C	1	2	2	1	0	0	1	0	0	2	0	0	0	2
858040	C	A	1	2	2	1	0	0	1	0	0	2	0	0	0	2
858051	C	T	1	2	2	1	0	0	1	0	0	2	0	0	0	2
858801	A	G	1	2	2	1	0	0	1	0	0	2	0	0	0	2
858862	G	C	1	2	2	1	0	0	1	0	0	2	0	0	0	2
859206	G	A	1	2	2	1	0	0	1	0	0	2	0	0	0	2
859335	G	A	1	2	2	1	0	0	1	0	0	2	0	0	0	2
859370	C	A	1	2	2	1	0	0	1	0	0	2	0	0	0	2
859397	G	A	1	2	2	1	0	0	1	0	0	2	0	0	0	2
859404	C	G	1	2	2	1	0	0	1	0	0	2	0	0	0	2
859685	G	A	1	2	2	1	0	0	1	0	0	2	0	0	0	2
859690	C	G	1	2	2	1	0	0	1	0	0	2	0	0	0	2
859701	C	G	1	2	2	1	0	0	1	0	0	2	0	0	0	2
859913	A	G	1	2	2	1	0	0	1	0	0	2	0	0	0	2
860416	G	A	1	2	2	1	0	0	1	0	0	2	0	0	0	2
860461	G	A	1	2	2	1	0	0	1	0	0	2	0	0	0	2
860504	G	A	1	2	2	1	0	0	1	0	0	2	0	0	0	2
860521	C	A	1	2	2	1	0	0	1	0	0	2	0	0	0	2
860688	G	A	1	2	2	1	0	0	1	0	0	2	0	0	0	2
860854	T	C	1	2	2	1	0	0	1	0	0	2	0	0	0	2
860857	G	A	1	2	2	1	0	0	1	0	0	2	0	0	0	2
860956	C	G	1	2	2	1	0	0	1	0	0	2	0	0	0	2
860957	G	A	1	2	2	1	0	0	1	0	0	2	0	0	0	2
861008	G	C	1	2	2	1	0	0	1	0	0	2	0	0	0	2
861630	G	A	1	2	2	1	0	0	1	0	0	2	0	0	0	2
861808	A	G	1	2	2	1	0	0	1	0	0	2	0	0	0	2
862124	A	G	1	2	2	1	0	0	1	0	0	2	0	0	0	2
862186	A	G	1	2	2	1	0	0	1	0	0	2	0	0	0	2
862383	C	T	1	2	2	1	0	0	1	0	0	2	0	0	0	2
862389	A	G	1	2	2	1	0	0	1	0	0	2	0	0	0	2
862515	C	T	1	2	2	1	0	0	1	0	0	2	0	0	0	2
862668	C	T	1	2	2	1	0	0	1	0	0	2	0	0	0	2
862708	C	G	1	2	2	1	0	0	1	0	0	2	0	0	0	2
862714	A	G	1	2	2	1	0	0	1	0	0	2	0	0	0	2
862866	C	T	1	2	2	1	0	0	1	0	0	2	0	0	0	2
863124	G	T	1	2	2	1	0	0	1	0	0	2	0	0	0	2
863138	A	C	1	2	2	1	0	0	1	0	0	2	0	0	0	2
863284	C	T	1	2	2	1	0	0	1	0	0	2	0	0	0	2
863315	C	T	1	2	2	1	0	0	1	0	0	2	0	0	0	2
863499	T	C	1	2	2	1	0	0	1	0	0	2	0	0	0	2
863501	T	C	1	2	2	1	0	0	1	0	0	2	0	0	0	2
863511	T	C	1	2	2	1	0	0	1	0	0	2	0	0	0	2
863556	G	A	1	2	2	1	0	0	1	0	0	2	0	0	0	2
863632	C	T	1	2	2	1	0	0	1	0	0	2	0	0	0	2
863689	A	G	1	2	2	1	0	0	1	0	0	2	0	0	0	2
863696	C	T	1	2	2	1	0	0	1	0	0	2	0	0	0	2
863767	G	A	1	2	2	1	0	0	1	0	0	2	0	0	0	2
863776	A	C	1	2	2	1	0	0	1	0	0	2	0	0	0	2
863843	C	T	1	2	2	1	0	0	1	0	0	2	0	0	0	2
863863	G	A	1	2	2	1	0	0	1	0	0	2	0	0	0	2
863978	G	A	1	2	2	1	0	0	1	0	0	2	0	0	0	2
864002	G	C	1	2	2	1	0	0	1	0	0	2	0	0	0	2
864241	C	T	1	2	2	1	0	0	1	0	0	2	0	0	0	2
864490	C	T	1	2	2	1	0	0	1	0	0	2	0	0	0	2
864615	G	A	1	2	2	1	0	0	1	0	0	2	0	0	0	2
864726	T	A	1	2	2	1	0	0	1	0	0	2	0	0	0	2
864755	A	G	1	2	2	1	0	0	1	0	0	2	0	0	0	2
864757	G	A	1	2	2	1	0	0	1	0	0	2	0	0	0	2
864894	G	A	1	2	2	1	0	0	1	0	0	2	0	0	0	2
864938	G	A	1	2	2	1	0	0	1	0	0	2	0	0	0	2
865028	G	A	1	2	2	1	0	0	1	0	0	2	0	0	0	2
865219	G	A	1	2	2	1	0	0	1	0	0	2	0	0	0	2
865261	G	A	1	2	2	1	0	0	1	0	0	2	0	0	0	2
865367	G	T	1	2	2	1	0	0	1	0	0	2	0	0	0	2
865694	C	T	1	2	2	1	0	0	1	0	0	2	0	0	0	2
865923	G	A	1	2	2	1	0	0	1	0	0	2	0	0	0	2
866136	G	A	1	2	2	1	0	0	1	0	0	2	0	0	0	2
866252	G	A	1	2	2	1	0	0	1	0	0	2	0	0	0	2
866319	G	A	1	2	2	1	0	0	1	0	0	2	0	0	0	2
866422	C	T	1	2	2	1	0	0	1	0	0	2	0	0	0	2
866731	G	C	1	2	2	1	0	0	1	0	0	2	0	0	0	2
866822	A	T	1	2	2	1	0	0	1	0	0	2	0	0	0	2
866893	T	C	1	2	2	1	0	0	1	0	0	2	0	0	0	2
866938	G	A	1	2	2	1	0	0	1	0	0	2	0	0	0	2
867031	C	T	1	2	2	1	0	0	1	0	0	2	0	0	0	2
867165	G	A	1	2	2	1	0	0	1	0	0	2	0	0	0	2
867442	C	T	1	2	2	1	0	0	1	0	0	2	0	0	0	2
867584	A	T	1	2	2	1	0	0	1	0	0	2	0	0	0	2
867635	C	T	1	2	2	1	0	0	1	0	0	2	0	0	0	2
868096	T	C	1	2	2	1	0	0	1	0	0	2	0	0	0	2
868112	C	T	1	2	2	1	0	0	1	0	0	2	0	0	0	2
868113	G	A	1	2	2	1	0	0	1	0	0	2	0	0	0	2
868329	A	C	1	2	2	1	0	0	1	0	0	2	0	0	0	2
868343	C	T	1	2	2	1	0	0	1	0	0	2	0	0	0	2
868356	C	T	1	2	2	1	0	0	1	0	0	2	0	0	0	2
868404	C	T	1	2	2	1	0	0	1	0	0	2	0	0	0	2
868418	C	T	1	2	2	1	0	0	1	0	0	2	0	0	0	2
868781	A	C	1	2	2	1	0	0	1	0	0	2	0	0	0	2
868791	C	T	1	2	2	1	0	0	1	0	0	2	0	0	0	2
868840	C	T	1	2	2	1	0	0	1	0	0	2	0	0	0	2
868861	C	T	1	2	2	1	0	0	1	0	0	2	0	0	0	2
868891	A	G	1	2	2	1	0	0	1	0	0	2	0	0	0	2
868979	A	C	1	2	2	1	0	0	1	0	0	2	0	0	0	2
868981	C	T	1	2	2	1	0	0	1	0	0	2	0	0	0	2
869033	C	T	1	2	2	1	0	0	1	0	0	2	0	0	0	2
869071	G	A	1	2	2	1	0	0	1	0	0	2	0	0	0	2
869249	T	C	1	2	2	1	0	0	1	0	0	2	0	0	0	2
869303	C	T	1	2	2	1	0	0	1	0	0	2	0	0	0	2
869323	T	C	1	2	2	1	0	0	1	0	0	2	0	0	0	2
869369	G	T	1	2	2	1	0	0	1	0	0	2	0	0	0	2
869373	G	C	1	2	2	1	0	0	1	0	0	2	0	0	0	2
870460	G	C	1	2	2	1	0	0	1	0	0	2	0	0	0	2
870640	T	G	1	2	2	1	0	0	1	0	0	2	0	0	0	2
870645	T	C	1	2	2	1	0	0	1	0	0	2	0	0	0	2
870651	C	T	1	2	2	1	0	0	1	0	0	2	0	0	0	2
870754	C	T	1	2	2	1	0	0	1	0	0	2	0	0	0	2
870766	C	T	1	2	2	1	0	0	1	0	0	2	0	0	0	2
870903	T	C	1	2	2	1	0	0	1	0	0	2	0	0	0	2
871010	A	C	1	2	2	1	0	0	1	0	0	2	0	0	0	2
871406	C	T	1	2	2	1	0	0	1	0	0	2	0	0	0	2
871804	G	A	1	2	2	1	0	0	1	0	0	2	0	0	0	2
871866	T	C	1	2	2	1	0	0	1	0	0	2	0	0	0	2
872017	C	T	1	2	2	1	0	0	1	0	0	2	0	0	0	2
872087	T	C	1	2	2	1	0	0	1	0	0	2	0	0	0	2
872091	T	G	1	2	2	1	0	0	1	0	0	2	0	0	0	2
872352	G	C	1	2	2	1	0	0	1	0	0	2	0	0	0	2
872390	G	T	1	2	2	1	0	0	1	0	0	2	0	0	0	2
872616	G	A	1	2	2	1	0	0	1	0	0	2	0	0	0	2
872838	G	A	1	2	2	1	0	0	1	0	0	2	0	0	0	2
872952	C	T	1	2	2	1	0	0	1	0	0	2	0	0	0	2
873086	G	A	1	2	2	1	0	0	1	0	0	2	0	0	0	2
873394	A	G	1	2	2	1	0	0	1	0	0	2	0	0	0	2
873462	G	T	1	2	2	1	0	0	1	0	0	2	0	0	0	2
873558	G	T	1	2	2	1	0	0	1	0	0	2	0	0	0	2
873859	G	T	1	2	2	1	0	0	1	0	0	2	0	0	0	2
874034	G	A	1	2	2	1	0	0	1	0	0	2	0	0	0	2
874220	T	C	1	2	2	1	0	0	1	0	0	2	0	0	0	2
874446	C	T	1	2	2	1	0	0	1	0	0	2	0	0	0	2
874665	G	A	1	2	2	1	0	0	1	0	0	2	0	0	0	2
874927	A	G	1	2	2	1	0	0	1	0	0	2	0	0	0	2
875643	C	G	1	2	2	1	0	0	1	0	0	2	0	0	0	2
875770	A	G	1	2	2	1	0	0	1	0	0	2	0	0	0	2
875985	T	C	1	2	2	1	0	0	1	0	0	2	0	0	0	2
876103	G	A	1	2	2	1	0	0	1	0	0	2	0	0	0	2
876393	G	A	1	2	2	1	0	0	1	0	0	2	0	0	0	2
876499	A	G	1	2	2	1	0	0	1	0	0	2	0	0	0	2
876908	G	A	1	2	2	1	0	0	1	0	0	2	0	0	0	2
876949	G	C	1	2	2	1	0	0	1	0	0	2	0	0	0	2
877147	G	A	1	2	2	1	0	0	1	0	0	2	0	0	0	2
877363	G	C	1	2	2	1	0	0	1	0	0	2	0	0	0	2
877715	C	G	1	2	2	1	0	0	1	0	0	2	0	0	0	2
877782	C	G	1	2	2	1	0	0	1	0	0	2	0	0	0	2
878310	T	C	1	2	2	1	0	0	1	0	0	2	0	0	0	2
879317	C	T	1	2	2	1	0	0	1	0	0	2	0	0	0	2
879413	G	A	1	2	2	1	0	0	1	0	0	2	0	0	0	2
879431	T	C	1	2	2	1	0	0	1	0	0	2	0	0	0	2
879481	G	C	1	2	2	1	0	0	1	0	0	2	0	0	0	2
879576	C	T	1	2	2	1	0	0	1	0	0	2	0	0	0	2
879676	G	A	1	2	2	1	0	0	1	0	0	2	0	0	0	2
879687	T	C	1	2	2	1	0	0	1	0	0	2	0	0	0	2
880238	A	G	1	2	2	1	0	0	1	0	0	2	0	0	0	2
880366	C	T	1	2	2	1	0	0	1	0	0	2	0	0	0	2
880390	C	A	1	2	2	1	0	0	1	0	0	2	0	0	0	2
880679	T	C	1	2	2	1	0	0	1	0	0	2	0	0	0	2
880751	A	G	1	2	2	1	0	0	1	0	0	2	0	0	0	2
881151	T	C	1	2	2	1	0	0	1	0	0	2	0	0	0	2
881377	G	A	1	2	2	1	0	0	1	0	0	2	0	0	0	2
881627	G	A	1	2	2	1	0	0	1	0	0	2	0	0	0	2
881734	T	C	1	2	2	1	0	0	1	0	0	2	0	0	0	2
881918	G	A	1	2	2	1	0	0	1	0	0	2	0	0	0	2
882033	G	A	1	2	2	1	0	0	1	0	0	2	0	0	0	2
882208	C	T	1	2	2	1	0	0	1	0	0	2	0	0	0	2
882369	G	A	1	2	2	1	0	0	1	0	0	2	0	0	0	2
882392	G	A	1	2	2	1	0	0	1	0	0	2	0	0	0	2
882803	A	G	1	2	2	1	0	0	1	0	0	2	0	0	0	2
883008	C	T	1	2	2	1	0	0	1	0	0	2	0	0	0	2
883041	C	G	1	2	2	1	0	0	1	0	0	2	0	0	0	2
883063	G	T	1	2	2	1	0	0	1	0	0	2	0	0	0	2
883699	C	T	1	2	2	1	0	0	1	0	0	2	0	0	0	2
884302	C	G	1	2	2	1	0	0	1	0	0	2	0	0	0	2
884314	G	C	1	2	2	1	0	0	1	0	0	2	0	0	0	2
884402	C	G	1	2	2	1	0	0	1	0	0	2	0	0	0	2
884452	C	T	1	2	2	1	0	0	1	0	0	2	0	0	0	2
884635	G	A	1	2	2	1	0	0	1	0	0	2	0	0	0	2
884815	A	G	1	2	2	1	0	0	1	0	0	2	0	0	0	2
885043	T	C	1	2	2	1	0	0	1	0	0	2	0	0	0	2
885097	G	C	1	2	2	1	0	0	1	0	0	2	0	0	0	2
885657	G	A	1	2	2	1	0	0	1	0	0	2	0	0	0	2
885676	C	A	1	2	2	1	0	0	1	0	0	2	0	0	0	2
885689	G	A	1	2	2	1	0	0	1	0	0	2	0	0	0	2
885691	A	T	1	2	2	1	0	0	1	0	0	2	0	0	0	2
885698	C	T	1	2	2	1	0	0	1	0	0	2	0	0	0	2
885756	C	T	1	2	2	1	0	0	1	0	0	2	0	0	0	2
885904	C	T	1	2	2	1	0	0	1	0	0	2	0	0	0	2
885922	G	A	1	2	2	1	0	0	1	0	0	2	0	0	0	2
885945	G	C	1	2	2	1	0	0	1	0	0	2	0	0	0	2
886006	T	C	1	2	2	1	0	0	1	0	0	2	0	0	0	2
886206	A	G	1	2	2	1	0	0	1	0	0	2	0	0	0	2
886384	G	A	1	2	2	1	0	0	1	0	0	2	0	0	0	2
886416	C	T	1	2	2	1	0	0	1	0	0	2	0	0	0	2
886477	G	A	1	2	2	1	0	0	1	0	0	2	0	0	0	2
886492	C	T	1	2	2	1	0	0	1	0	0	2	0	0	0	2
886788	G	A	1	2	2	1	0	0	1	0	0	2	0	0	0	2
886817	C	T	1	2	2	1	0	0	1	0	0	2	0	0	0	2
887023	G	C	1	2	2	1	0	0	1	0	0	2	0	0	0	2
887059	G	A	1	2	2	1	0	0	1	0	0	2	0	0	0	2
887094	C	G	1	2	2	1	0	0	1	0	0	2	0	0	0	2
887162	T	C	1	2	2	1	0	0	1	0	0	2	0	0	0	2
887537	C	T	1	2	2	1	0	0	1	0	0	2	0	0	0	2
887560	A	C	1	2	2	1	0	0	1	0	0	2	0	0	0	2
887712	C	A	1	2	2	1	0	0	1	0	0	2	0	0	0	2
887801	A	G	1	2	2	1	0	0	1	0	0	2	0	0	0	2
888086	C	G	1	2	2	1	0	0	1	0	0	2	0	0	0	2
888220	G	A	1	2	2	1	0	0	1	0	0	2	0	0	0	2
888239	C	T	1	2	2	1	0	0	1	0	0	2	0	0	0	2
888442	G	C	1	2	2	1	0	0	1	0	0	2	0	0	0	2
888563	C	T	1	2	2	1	0	0	1	0	0	2	0	0	0	2
888639	T	C	1	2	2	1	0	0	1	0	0	2	0	0	0	2
888659	T	C	1	2	2	1	0	0	1	0	0	2	0	0	0	2
889131	A	G	1	2	2	1	0	0	1	0	0	2	0	0	0	2
889158	G	C	1	2	2	1	0	0	1	0	0	2	0	0	0	2
889159	A	C	1	2	2	1	0	0	1	0	0	2	0	0	0	2
889286	G	A	1	2	2	1	0	0	1	0	0	2	0	0	0	2
889403	T	A	1	2	2	1	0	0	1	0	0	2	0	0	0	2
889426	C	T	1	2	2	1	0	0	1	0	0	2	0	0	0	2
889638	G	C	1	2	2	1	0	0	1	0	0	2	0	0	0	2
889713	C	A	1	2	2	1	0	0	1	0	0	2	0	0	0	2
889876	C	G	1	2	2	1	0	0	1	0	0	2	0	0	0	2
890104	G	A	1	2	2	1	0	0	1	0	0	2	0	0	0	2
890219	C	A	1	2	2	1	0	0	1	0	0	2	0	0	0	2
890272	G	C	1	2	2	1	0	0	1	0	0	2	0	0	0	2
890295	G	C	1	2	2	1	0	0	1	0	0	2	0	0	0	2
890772	C	G	1	2	2	1	0	0	1	0	0	2	0	0	0	2
891021	G	A	1	2	2	1	0	0	1	0	0	2	0	0	0	2
891059	C	T	1	2	2	1	0	0	1	0	0	2	0	0	0	2
891313	C	T	1	2	2	1	0	0	1	0	0	2	0	0	0	2
891617	G	C	1	2	2	1	0	0	1	0	0	2	0	0	0	2
891659	G	A	1	2	2	1	0	0	1	0	0	2	0	0	0	2
891898	T	C	1	2	2	1	0	0	1	0	0	2	0	0	0	2
891945	A	G	1	2	2	1	0	0	1	0	0	2	0	0	0	2
892012	C	T	1	2	2	1	0	0	1	0	0	2	0	0	0	2
892095	C	T	1	2	2	1	0	0	1	0	0	2	0	0	0	2
892380	G	A	1	2	2	1	0	0	1	0	0	2	0	0	0	2
892460	G	C	1	2	2	1	0	0	1	0	0	2	0	0	0	2
892471	G	A	1	2	2	1	0	0	1	0	0	2	0	0	0	2
892551	C	T	1	2	2	1	0	0	1	0	0	2	0	0	0	2
892721	G	A	1	2	2	1	0	0	1	0	0	2	0	0	0	2
892745	G	A	1	2	2	1	0	0	1	0	0	2	0	0	0	2
892873	C	A	1	2	2	1	0	0	1	0	0	2	0	0	0	2
893280	G	A	1	2	2	1	0	0	1	0	0	2	0	0	0	2
893631	A	G	1	2	2	1	0	0	1	0	0	2	0	0	0	2
893719	G	A	1	2	2	1	0	0	1	0	0	2	0	0	0	2
893725	C	T	1	2	2	1	0	0	1	0	0	2	0	0	0	2
894519	G	A	1	2	2	1	0	0	1	0	0	2	0	0	0	2
894573	G	A	1	2	2	1	0	0	1	0	0	2	0	0	0	2
894719	C	T	1	2	2	1	0	0	1	0	0	2	0	0	0	2
895268	C	T	1	2	2	1	0	0	1	0	0	2	0	0	0	2
895345	G	A	1	2	2	1	0	0	1	0	0	2	0	0	0	2
895706	G	A	1	2	2	1	0	0	1	0	0	2	0	0	0	2
895820	G	C	1	2	2	1	0	0	1	0	0	2	0	0	0	2
895889	A	T	1	2	2	1	0	0	1	0	0	2	0	0	0	2
896064	C	G	1	2	2	1	0	0	1	0	0	2	0	0	0	2
896271	C	T	1	2	2	1	0	0	1	0	0	2	0	0	0	2
896333	C	T	1	2	2	1	0	0	1	0	0	2	0	0	0	2
896443	G	T	1	2	2	1	0	0	1	0	0	2	0	0	0	2
896476	A	G	1	2	2	1	0	0	1	0	0	2	0	0	0	2
896950	C	A	1	2	2	1	0	0	1	0	0	2	0	0	0	2
897325	G	C	1	2	2	1	0	0	1	0	0	2	0	0	0	2
897337	C	T	1	2	2	1	0	0	1	0	0	2	0	0	0	2
897564	T	C	1	2	2	1	0	0	1	0	0	2	0	0	0	2
897726	C	T	1	2	2	1	0	0	1	0	0	2	0	0	0	2
897730	C	T	1	2	2	1	0	0	1	0	0	2	0	0	0	2
897738	C	T	1	2	2	1	0	0	1	0	0	2	0	0	0	2
897879	C	T	1	2	2	1	0	0	1	0	0	2	0	0	0	2
898045	C	T	1	2	2	1	0	0	1	0	0	2	0	0	0	2
898119	C	T	1	2	2	1	0	0	1	0	0	2	0	0	0	2
898323	T	C	1	2	2	1	0	0	1	0	0	2	0	0	0	2
899000	C	T	1	2	2	1	0	0	1	0	0	2	0	0	0	2
899515	C	T	1	2	2	1	0	0	1	0	0	2	0	0	0	2
899608	C	T	1	2	2	1	0	0	1	0	0	2	0	0	0	2
899634	C	T	1	2	2	1	0	0	1	0	0	2	0	0	0	2
899648	C	T	1	2	2	1	0	0	1	0	0	2	0	0	0	2
899942	G	A	1	2	2	1	0	0	1	0	0	2	0	0	0	2
900285	C	T	1	2	2	1	0	0	1	0	0	2	0	0	0	2
900286	A	G	1	2	2	1	0	0	1	0	0	2	0	0	0	2
900319	G	A	1	2	2	1	0	0	1	0	0	2	0	0	0	2
900397	C	T	1	2	2	1	0	0	1	0	0	2	0	0	0	2
900505	G	C	1	2	2	1	0	0	1	0	0	2	0	0	0	2
900730	G	A	1	2	2	1	0	0	1	0	0	2	0	0	0	2
900972	T	G	1	2	2	1	0	0	1	0	0	2	0	0	0	2
901023	T	C	1	2	2	1	0	0	1	0	0	2	0	0	0	2
901035	C	T	1	2	2	1	0	0	1	0	0	2	0	0	0	2
901113	T	C	1	2	2	1	0	0	1	0	0	2	0	0	0	2
901337	T	G	1	2	2	1	0	0	1	0	0	2	0	0	0	2
901559	G	A	1	2	2	1	0	0	1	0	0	2	0	0	0	2
901591	T	C	1	2	2	1	0	0	1	0	0	2	0	0	0	2
901607	C	G	1	2	2	1	0	0	1	0	0	2	0	0	0	2
901744	A	G	1	2	2	1	0	0	1	0	0	2	0	0	0	2
901806	G	C	1	2	2	1	0	0	1	0	0	2	0	0	0	2
902069	T	C	1	2	2	1	0	0	1	0	0	2	0	0	0	2
902525	G	A	1	2	2	1	0	0	1	0	0	2	0	0	0	2
902749	C	G	1	2	2	1	0	0	1	0	0	2	0	0	0	2
902764	C	G	1	2	2	1	0	0	1	0	0	2	0	0	0	2
902997	G	A	1	2	2	1	0	0	1	0	0	2	0	0	0	2
903027	C	T	1	2	2	1	0	0	1	0	0	2	0	0	0	2
903104	C	T	1	2	2	1	0	0	1	0	0	2	0	0	0	2
903113	C	T	1	2	2	1	0	0	1	0	0	2	0	0	0	2
903160	G	C	1	2	2	1	0	0	1	0	0	2	0	0	0	2
903245	A	G	1	2	2	1	0	0	1	0	0	2	0	0	0	2
903321	G	A	1	2	2	1	0	0	1	0	0	2	0	0	0	2
903426	C	T	1	2	2	1	0	0	1	0	0	2	0	0	0	2
903993	G	A	1	2	2	1	0	0	1	0	0	2	0	0	0	2
904165	G	A	1	2	2	1	0	0	1	0	0	2	0	0	0	2
904355	C	T	1	2	2	1	0	0	1	0	0	2	0	0	0	2
904628	G	A	1	2	2	1	0	0	1	0	0	2	0	0	0	2
904715	G	A	1	2	2	1	0	0	1	0	0	2	0	0	0	2
904752	T	C	1	2	2	1	0	0	1	0	0	2	0	0	0	2
905074	A	G	1	2	2	1	0	0	1	0	0	2	0	0	0	2
905160	C	T	1	2	2	1	0	0	1	0	0	2	0	0	0	2
905245	G	A	1	2	2	1	0	0	1	0	0	2	0	0	0	2
906156	C	T	1	2	2	1	0	0	1	0	0	2	0	0	0	2
906272	A	C	1	2	2	1	0	0	1	0	0	2	0	0	0	2
906974	G	A	1	2	2	1	0	0	1	0	0	2	0	0	0	2
907023	G	A	1	2	2	1	0	0	1	0	0	2	0	0	0	2
907080	G	A	1	2	2	1	0	0	1	0	0	2	0	0	0	2
907217	C	T	1	2	2	1	0	0	1	0	0	2	0	0	0	2
907609	T	C	1	2	2	1	0	0	1	0	0	2	0	0	0	2
907622	G	C	1	2	2	1	0	0	1	0	0	2	0	0	0	2
907774	G	A	1	2	2	1	0	0	1	0	0	2	0	0	0	2
907799	T	C	1	2	2	1	0	0	1	0	0	2	0	0	0	2
907816	A	G	1	2	2	1	0	0	1	0	0	2	0	0	0	2
907883	C	T	1	2	2	1	0	0	1	0	0	2	0	0	0	2
907911	T	C	1	2	2	1	0	0	1	0	0	2	0	0	0	2
907994	A	C	1	2	2	1	0	0	1	0	0	2	0	0	0	2
907998	A	T	1	2	2	1	0	0	1	0	0	2	0	0	0	2
908025	G	A	1	2	2	1	0	0	1	0	0	2	0	0	0	2
908170	C	G	1	2	2	1	0	0	1	0	0	2	0	0	0	2
908228	A	G	1	2	2	1	0	0	1	0	0	2	0	0	0	2
908414	C	T	1	2	2	1	0	0	1	0	0	2	0	0	0	2
908473	G	T	1	2	2	1	0	0	1	0	0	2	0	0	0	2
908727	C	A	1	2	2	1	0	0	1	0	0	2	0	0	0	2
908749	C	T	1	2	2	1	0	0	1	0	0	2	0	0	0	2
908823	G	A	1	2	2	1	0	0	1	0	0	2	0	0	0	2
909073	C	T	1	2	2	1	0	0	1	0	0	2	0	0	0	2
909167	G	C	1	2	2	1	0	0	1	0	0	2	0	0	0	2
909221	T	C	1	2	2	1	0	0	1	0	0	2	0	0	0	2
909222	G	A	1	2	2	1	0	0	1	0	0	2	0	0	0	2
909238	G	C	1	2	2	1	0	0	1	0	0	2	0	0	0	2
909242	A	G	1	2	2	1	0	0	1	0	0	2	0	0	0	2
909309	T	C	1	2	2	1	0	0	1	0	0	2	0	0	0	2
909320	C	T	1	2	2	1	0	0	1	0	0	2	0	0	0	2
909326	C	T	1	2	2	1	0	0	1	0	0	2	0	0	0	2
909363	A	C	1	2	2	1	0	0	1	0	0	2	0	0	0	2
909555	A	G	1	2	2	1	0	0	1	0	0	2	0	0	0	2
909875	G	A	1	2	2	1	0	0	1	0	0	2	0	0	0	2
910069	T	C	1	2	2	1	0	0	1	0	0	2	0	0	0	2
910174	C	T	1	2	2	1	0	0	1	0	0	2	0	0	0	2
910394	C	T	1	2	2	1	0	0	1	0	0	2	0	0	0	2
910409	T	C	1	2	2	1	0	0	1	0	0	2	0	0	0	2
910433	C	T	1	2	2	1	0	0	1	0	0	2	0	0	0	2
910438	A	G	1	2	2	1	0	0	1	0	0	2	0	0	0	2
910473	G	A	1	2	2	1	0	0	1	0	0	2	0	0	0	2
910512	G	C	1	2	2	1	0	0	1	0	0	2	0	0	0	2
910903	T	C	1	2	2	1	0	0	1	0	0	2	0	0	0	2
910935	G	A	1	2	2	1	0	0	1	0	0	2	0	0	0	2
911160	C	T	1	2	2	1	0	0	1	0	0	2	0	0	0	2
911336	C	T	1	2	2	1	0	0	1	0	0	2	0	0	0	2
911418	A	C	1	2	2	1	0	0	1	0	0	2	0	0	0	2
911595	A	G	1	2	2	1	0	0	1	0	0	2	0	0	0	2
911828	C	T	1	2	2	1	0	0	1	0	0	2	0	0	0	2
911916	C	T	1	2	2	1	0	0	1	0	0	2	0	0	0	2
912049	T	C	1	2	2	1	0	0	1	0	0	2	0	0	0	2
913610	G	A	1	2	2	1	0	0	1	0	0	2	0	0	0	2
913698	C	T	1	2	2	1	0	0	1	0	0	2	0	0	0	2
913753	G	A	1	2	2	1	0	0	1	0	0	2	0	0	0	2
913889	G	A	1	2	2	1	0	0	1	0	0	2	0	0	0	2
914192	G	C	1	2	2	1	0	0	1	0	0	2	0	0	0	2
914263	G	T	1	2	2	1	0	0	1	0	0	2	0	0	0	2
914325	C	T	1	2	2	1	0	0	1	0	0	2	0	0	0	2
914333	C	G	1	2	2	1	0	0	1	0	0	2	0	0	0	2
914718	G	C	1	2	2	1	0	0	1	0	0	2	0	0	0	2
914805	G	A	1	2	2	1	0	0	1	0	0	2	0	0	0	2
914815	G	C	1	2	2	1	0	0	1	0	0	2	0	0	0	2
914852	G	C	1	2	2	1	0	0	1	0	0	2	0	0	0	2
914876	T	C	1	2	2	1	0	0	1	0	0	2	0	0	0	2
914940	T	C	1	2	2	1	0	0	1	0	0	2	0	0	0	2
915227	A	G	1	2	2	1	0	0	1	0	0	2	0	0	0	2
915251	A	T	1	2	2	1	0	0	1	0	0	2	0	0	0	2
915264	G	A	1	2	2	1	0	0	1	0	0	2	0	0	0	2
915399	C	T	1	2	2	1	0	0	1	0	0	2	0	0	0	2
915490	G	A	1	2	2	1	0	0	1	0	0	2	0	0	0	2
915592	C	T	1	2	2	1	0	0	1	0	0	2	0	0	0	2
916159	G	T	1	2	2	1	0	0	1	0	0	2	0	0	0	2
916534	C	T	1	2	2	1	0	0	1	0	0	2	0	0	0	2
916549	A	G	1	2	2	1	0	0	1	0	0	2	0	0	0	2
916662	A	C	1	2	2	1	0	0	1	0	0	2	0	0	0	2
916834	G	A	1	2	2	1	0	0	1	0	0	2	0	0	0	2
916976	G	A	1	2	2	1	0	0	1	0	0	2	0	0	0	2
917060	C	G	1	2	2	1	0	0	1	0	0	2	0	0	0	2
917315	G	A	1	2	2	1	0	0	1	0	0	2	0	0	0	2
917357	C	T	1	2	2	1	0	0	1	0	0	2	0	0	0	2
917492	C	T	1	2	2	1	0	0	1	0	0	2	0	0	0	2
917640	G	A	1	2	2	1	0	0	1	0	0	2	0	0	0	2
917688	C	G	1	2	2	1	0	0	1	0	0	2	0	0	0	2
917796	C	A	1	2	2	1	0	0	1	0	0	2	0	0	0	2
917902	C	T	1	2	2	1	0	0	1	0	0	2	0	0	0	2
918097	C	T	1	2	2	1	0	0	1	0	0	2	0	0	0	2
918238	C	G	1	2	2	1	0	0	1	0	0	2	0	0	0	2
918270	C	T	1	2	2	1	0	0	1	0	0	2	0	0	0	2
918384	G	T	1	2	2	1	0	0	1	0	0	2	0	0	0	2
918573	A	G	1	2	2	1	0	0	1	0	0	2	0	0	0	2
918617	G	A	1	2	2	1	0	0	1	0	0	2	0	0	0	2
919037	C	A	1	2	2	1	0	0	1	0	0	2	0	0	0	2
919127	T	C	1	2	2	1	0	0	1	0	0	2	0	0	0	2
919136	T	G	1	2	2	1	0	0	1	0	0	2	0	0	0	2
919419	T	C	1	2	2	1	0	0	1	0	0	2	0	0	0	2
919489	C	T	1	2	2	1	0	0	1	0	0	2	0	0	0	2
919501	G	T	1	2	2	1	0	0	1	0	0	2	0	0	0	2
919855	G	A	1	2	2	1	0	0	1	0	0	2	0	0	0	2
920051	G	A	1	2	2	1	0	0	1	0	0	2	0	0	0	2
920503	G	A	1	2	2	1	0	0	1	0	0	2	0	0	0	2
920640	C	T	1	2	2	1	0	0	1	0	0	2	0	0	0	2
920648	T	C	1	2	2	1	0	0	1	0	0	2	0	0	0	2
920649	G	A	1	2	2	1	0	0	1	0	0	2	0	0	0	2
920692	G	A	1	2	2	1	0	0	1	0	0	2	0	0	0	2
920733	T	C	1	2	2	1	0	0	1	0	0	2	0	0	0	2
920977	T	C	1	2	2	1	0	0	1	0	0	2	0	0	0	2
921137	C	T	1	2	2	1	0	0	1	0	0	2	0	0	0	2
921336	A	G	1	2	2	1	0	0	1	0	0	2	0	0	0	2
921387	G	A	1	2	2	1	0	0	1	0	0	2	0	0	0	2
921543	C	T	1	2	2	1	0	0	1	0	0	2	0	0	0	2
921660	C	T	1	2	2	1	0	0	1	0	0	2	0	0	0	2
921716	C	A	1	2	2	1	0	0	1	0	0	2	0	0	0	2
922009	G	A	1	2	2	1	0	0	1	0	0	2	0	0	0	2
922483	T	C	1	2	2	1	0	0	1	0	0	2	0	0	0	2
922786	T	C	1	2	2	1	0	0	1	0	0	2	0	0	0	2
923076	A	G	1	2	2	1	0	0	1	0	0	2	0	0	0	2
923411	A	T	1	2	2	1	0	0	1	0	0	2	0	0	0	2
923459	A	G	1	2	2	1	0	0	1	0	0	2	0	0	0	2
923631	T	G	1	2	2	1	0	0	1	0	0	2	0	0	0	2
923749	T	C	1	2	2	1	0	0	1	0	0	2	0	0	0	2
924101	C	T	1	2	2	1	0	0	1	0	0	2	0	0	0	2
924111	T	A	1	2	2	1	0	0	1	0	0	2	0	0	0	2
924147	C	T	1	2	2	1	0	0	1	0	0	2	0	0	0	2
924368	C	T	1	2	2	1	0	0	1	0	0	2	0	0	0	2
924422	G	T	1	2	2	1	0	0	1	0	0	2	0	0	0	2
924546	T	C	1	2	2	1	0	0	1	0	0	2	0	0	0	2
924597	C	T	1	2	2	1	0	0	1	0	0	2	0	0	0	2
924603	T	C	1	2	2	1	0	0	1	0	0	2	0	0	0	2
924718	G	A	1	2	2	1	0	0	1	0	0	2	0	0	0	2
924839	A	C	1	2	2	1	0	0	1	0	0	2	0	0	0	2
924898	C	A	1	2	2	1	0	0	1	0	0	2	0	0	0	2
925065	A	G	1	2	2	1	0	0	1	0	0	2	0	0	0	2
925114	G	C	1	2	2	1	0	0	1	0	0	2	0	0	0	2
925128	G	C	1	2	2	1	0	0	1	0	0	2	0	0	0	2
925190	A	G	1	2	2	1	0	0	1	0	0	2	0	0	0	2
925348	T	C	1	2	2	1	0	0	1	0	0	2	0	0	0	2
925377	T	C	1	2	2	1	0	0	1	0	0	2	0	0	0	2
925521	G	A	1	2	2	1	0	0	1	0	0	2	0	0	0	2
925614	G	C	1	2	2	1	0	0	1	0	0	2	0	0	0	2
925620	C	T	1	2	2	1	0	0	1	0	0	2	0	0	0	2
925674	G	A	1	2	2	1	0	0	1	0	0	2	0	0	0	2
925684	T	C	1	2	2	1	0	0	1	0	0	2	0	0	0	2
925819	A	G	1	2	2	1	0	0	1	0	0	2	0	0	0	2
925823	A	G	1	2	2	1	0	0	1	0	0	2	0	0	0	2
925919	A	G	1	2	2	1	0	0	1	0	0	2	0	0	0	2
925980	T	G	1	2	2	1	0	0	1	0	0	2	0	0	0	2
925981	G	A	1	2	2	1	0	0	1	0	0	2	0	0	0	2
926045	G	T	1	2	2	1	0	0	1	0	0	2	0	0	0	2
926058	C	T	1	2	2	1	0	0	1	0	0	2	0	0	0	2
926243	C	T	1	2	2	1	0	0	1	0	0	2	0	0	0	2
926250	C	G	1	2	2	1	0	0	1	0	0	2	0	0	0	2
926261	G	A	1	2	2	1	0	0	1	0	0	2	0	0	0	2
926351	C	T	1	2	2	1	0	0	1	0	0	2	0	0	0	2
926431	A	T	1	2	2	1	0	0	1	0	0	2	0	0	0	2
926595	T	C	1	2	2	1	0	0	1	0	0	2	0	0	0	2
926621	A	C	1	2	2	1	0	0	1	0	0	2	0	0	0	2
926940	T	G	1	2	2	1	0	0	1	0	0	2	0	0	0	2
926968	C	T	1	2	2	1	0	0	1	0	0	2	0	0	0	2
926993	T	G	1	2	2	1	0	0	1	0	0	2	0	0	0	2
927053	A	G	1	2	2	1	0	0	1	0	0	2	0	0	0	2
927309	T	C	1	2	2	1	0	0	1	0	0	2	0	0	0	2
927323	C	T	1	2	2	1	0	0	1	0	0	2	0	0	0	2
927573	T	C	1	2	2	1	0	0	1	0	0	2	0	0	0	2
927634	G	A	1	2	2	1	0	0	1	0	0	2	0	0	0	2
927693	T	C	1	2	2	1	0	0	1	0	0	2	0	0	0	2
927695	C	T	1	2	2	1	0	0	1	0	0	2	0	0	0	2
927713	G	T	1	2	2	1	0	0	1	0	0	2	0	0	0	2
927741	G	A	1	2	2	1	0	0	1	0	0	2	0	0	0	2
927794	C	T	1	2	2	1	0	0	1	0	0	2	0	0	0	2
927824	A	C	1	2	2	1	0	0	1	0	0	2	0	0	0	2
928011	G	T	1	2	2	1	0	0	1	0	0	2	0	0	0	2
928017	T	C	1	2	2	1	0	0	1	0	0	2	0	0	0	2
928021	A	C	1	2	2	1	0	0	1	0	0	2	0	0	0	2
928288	G	A	1	2	2	1	0	0	1	0	0	2	0	0	0	2
928297	G	A	1	2	2	1	0	0	1	0	0	2	0	0	0	2
928373	A	G	1	2	2	1	0	0	1	0	0	2	0	0	0	2
928416	G	A	1	2	2	1	0	0	1	0	0	2	0	0	0	2
928462	G	A	1	2	2	1	0	0	1	0	0	2	0	0	0	2
928488	G	A	1	2	2	1	0	0	1	0	0	2	0	0	0	2
928520	A	G	1	2	2	1	0	0	1	0	0	2	0	0	0	2
928534	A	G	1	2	2	1	0	0	1	0	0	2	0	0	0	2
928578	G	A	1	2	2	1	0	0	1	0	0	2	0	0	0	2
928598	C	G	1	2	2	1	0	0	1	0	0	2	0	0	0	2
928666	C	T	1	2	2	1	0	0	1	0	0	2	0	0	0	2
928744	T	G	1	2	2	1	0	0	1	0	0	2	0	0	0	2
928836	C	T	1	2	2	1	0	0	1	0	0	2	0	0	0	2
928969	C	T	1	2	2	1	0	0	1	0	0	2	0	0	0	2
929175	G	A	1	2	2	1	0	0	1	0	0	2	0	0	0	2
929190	A	G	1	2	2	1	0	0	1	0	0	2	0	0	0	2
929327	A	G	1	2	2	1	0	0	1	0	0	2	0	0	0	2
929565	G	T	1	2	2	1	0	0	1	0	0	2	0	0	0	2
929948	T	G	1	2	2	1	0	0	1	0	0	2	0	0	0	2
930299	G	A	1	2	2	1	0	0	1	0	0	2	0	0	0	2
930329	C	T	1	2	2	1	0	0	1	0	0	2	0	0	0	2
930377	C	T	1	2	2	1	0	0	1	0	0	2	0	0	0	2
930533	C	G	1	2	2	1	0	0	1	0	0	2	0	0	0	2
930567	A	G	1	2	2	1	0	0	1	0	0	2	0	0	0	2
930751	C	G	1	2	2	1	0	0	1	0	0	2	0	0	0	2
930826	G	A	1	2	2	1	0	0	1	0	0	2	0	0	0	2
930923	A	G	1	2	2	1	0	0	1	0	0	2	0	0	0	2
931014	A	G	1	2	2	1	0	0	1	0	0	2	0	0	0	2
931166	A	G	1	2	2	1	0	0	1	0	0	2	0	0	0	2
931229	C	T	1	2	2	1	0	0	1	0	0	2	0	0	0	2
931237	G	A	1	2	2	1	0	0	1	0	0	2	0	0	0	2
931339	G	A	1	2	2	1	0	0	1	0	0	2	0	0	0	2
931362	G	A	1	2	2	1	0	0	1	0	0	2	0	0	0	2
931455	C	A	1	2	2	1	0	0	1	0	0	2	0	0	0	2
931500	C	T	1	2	2	1	0	0	1	0	0	2	0	0	0	2
931508	T	A	1	2	2	1	0	0	1	0	0	2	0	0	0	2
931513	A	C	1	2	2	1	0	0	1	0	0	2	0	0	0	2
931548	G	T	1	2	2	1	0	0	1	0	0	2	0	0	0	2
931730	A	G	1	2	2	1	0	0	1	0	0	2	0	0	0	2
931873	A	G	1	2	2	1	0	0	1	0	0	2	0	0	0	2
932310	G	A	1	2	2	1	0	0	1	0	0	2	0	0	0	2
932618	C	G	1	2	2	1	0	0	1	0	0	2	0	0	0	2
933027	G	A	1	2	2	1	0	0	1	0	0	2	0	0	0	2
933447	G	A	1	2	2	1	0	0	1	0	0	2	0	0	0	2
933465	C	G	1	2	2	1	0	0	1	0	0	2	0	0	0	2
933589	C	T	1	2	2	1	0	0	1	0	0	2	0	0	0	2
933788	G	A	1	2	2	1	0	0	1	0	0	2	0	0	0	2
933790	G	A	1	2	2	1	0	0	1	0	0	2	0	0	0	2
933972	A	C	1	2	2	1	0	0	1	0	0	2	0	0	0	2
934099	G	C	1	2	2	1	0	0	1	0	0	2	0	0	0	2
934106	A	G	1	2	2	1	0	0	1	0	0	2	0	0	0	2
934121	G	A	1	2	2	1	0	0	1	0	0	2	0	0	0	2
934144	C	G	1	2	2	1	0	0	1	0	0	2	0	0	0	2
934345	G	A	1	2	2	1	0	0	1	0	0	2	0	0	0	2
935046	G	A	1	2	2	1	0	0	1	0	0	2	0	0	0	2
935222	C	A	1	2	2	1	0	0	1	0	0	2	0	0	0	2
935398	G	A	1	2	2	1	0	0	1	0	0	2	0	0	0	2
935459	A	G	1	2	2	1	0	0	1	0	0	2	0	0	0	2
935492	G	T	1	2	2	1	0	0	1	0	0	2	0	0	0	2
935659	C	T	1	2	2	1	0	0	1	0	0	2	0	0	0	2
935671	C	G	1	2	2	1	0	0	1	0	0	2	0	0	0	2
935715	C	T	1	2	2	1	0	0	1	0	0	2	0	0	0	2
935833	C	G	1	2	2	1	0	0	1	0	0	2	0	0	0	2
936111	C	T	1	2	2	1	0	0	1	0	0	2	0	0	0	2
936120	G	C	1	2	2	1	0	0	1	0	0	2	0	0	0	2
936194	A	G	1	2	2	1	0	0	1	0	0	2	0	0	0	2
936210	C	A	1	2	2	1	0	0	1	0	0	2	0	0	0	2
936487	C	G	1	2	2	1	0	0	1	0	0	2	0	0	0	2
936526	C	T	1	2	2	1	0	0	1	0	0	2	0	0	0	2
936687	C	A	1	2	2	1	0	0	1	0	0	2	0	0	0	2
936754	G	A	1	2	2	1	0	0	1	0	0	2	0	0	0	2
937250	C	G	1	2	2	1	0	0	1	0	0	2	0	0	0	2
937432	A	G	1	2	2	1	0	0	1	0	0	2	0	0	0	2
937491	G	A	1	2	2	1	0	0	1	0	0	2	0	0	0	2
937673	G	A	1	2	2	1	0	0	1	0	0	2	0	0	0	2
937688	T	C	1	2	2	1	0	0	1	0	0	2	0	0	0	2
937761	T	C	1	2	2	1	0	0	1	0	0	2	0	0	0	2
937778	C	T	1	2	2	1	0	0	1	0	0	2	0	0	0	2
937797	T	A	1	2	2	1	0	0	1	0	0	2	0	0	0	2
938116	T	G	1	2	2	1	0	0	1	0	0	2	0	0	0	2
938125	G	A	1	2	2	1	0	0	1	0	0	2	0	0	0	2
938213	A	G	1	2	2	1	0	0	1	0	0	2	0	0	0	2
938300	G	A	1	2	2	1	0	0	1	0	0	2	0	0	0	2
940005	A	G	1	2	2	1	0	0	1	0	0	2	0	0	0	2
940061	C	T	1	2	2	1	0	0	1	0	0	2	0	0	0	2
940096	C	T	1	2	2	1	0	0	1	0	0	2	0	0	0	2
940237	C	T	1	2	2	1	0	0	1	0	0	2	0	0	0	2
940330	A	T	1	2	2	1	0	0	1	0	0	2	0	0	0	2
941101	G	T	1	2	2	1	0	0	1	0	0	2	0	0	0	2
941284	C	T	1	2	2	1	0	0	1	0	0	2	0	0	0	2
941334	G	A	1	2	2	1	0	0	1	0	0	2	0	0	0	2
941355	C	T	1	2	2	1	0	0	1	0	0	2	0	0	0	2
941539	C	T	1	2	2	1	0	0	1	0	0	2	0	0	0	2
941570	T	A	1	2	2	1	0	0	1	0	0	2	0	0	0	2
941619	C	T	1	2	2	1	0	0	1	0	0	2	0	0	0	2
942292	T	A	1	2	2	1	0	0	1	0	0	2	0	0	0	2
942406	G	A	1	2	2	1	0	0	1	0	0	2	0	0	0	2
942609	T	C	1	2	2	1	0	0	1	0	0	2	0	0	0	2
942636	G	A	1	2	2	1	0	0	1	0	0	2	0	0	0	2
942687	C	T	1	2	2	1	0	0	1	0	0	2	0	0	0	2
942705	A	G	1	2	2	1	0	0	1	0	0	2	0	0	0	2
942894	G	A	1	2	2	1	0	0	1	0	0	2	0	0	0	2
943468	T	C	1	2	2	1	0	0	1	0	0	2	0	0	0	2
943687	G	C	1	2	2	1	0	0	1	0	0	2	0	0	0	2
943712	T	C	1	2	2	1	0	0	1	0	0	2	0	0	0	2
943749	T	A	1	2	2	1	0	0	1	0	0	2	0	0	0	2
943907	C	G	1	2	2	1	0	0	1	0	0	2	0	0	0	2
943968	C	T	1	2	2	1	0	0	1	0	0	2	0	0	0	2
944007	G	C	1	2	2	1	0	0	1	0	0	2	0	0	0	2
944009	A	C	1	2	2	1	0	0	1	0	0	2	0	0	0	2
944063	G	A	1	2	2	1	0	0	1	0	0	2	0	0	0	2
944200	C	T	1	2	2	1	0	0	1	0	0	2	0	0	0	2
944204	G	A	1	2	2	1	0	0	1	0	0	2	0	0	0	2
944232	C	T	1	2	2	1	0	0	1	0	0	2	0	0	0	2
944368	C	T	1	2	2	1	0	0	1	0	0	2	0	0	0	2
944564	T	C	1	2	2	1	0	0	1	0	0	2	0	0	0	2
944950	G	A	1	2	2	1	0	0	1	0	0	2	0	0	0	2
944956	G	A	1	2	2	1	0	0	1	0	0	2	0	0	0	2
944982	G	A	1	2	2	1	0	0	1	0	0	2	0	0	0	2
945096	C	T	1	2	2	1	0	0	1	0	0	2	0	0	0	2
945111	C	T	1	2	2	1	0	0	1	0	0	2	0	0	0	2
945167	G	A	1	2	2	1	0	0	1	0	0	2	0	0	0	2
945225	T	C	1	2	2	1	0	0	1	0	0	2	0	0	0	2
945234	A	G	1	2	2	1	0	0	1	0	0	2	0	0	0	2
945349	G	A	1	2	2	1	0	0	1	0	0	2	0	0	0	2
945474	C	T	1	2	2	1	0	0	1	0	0	2	0	0	0	2
945478	G	A	1	2	2	1	0	0	1	0	0	2	0	0	0	2
945612	C	T	1	2	2	1	0	0	1	0	0	2	0	0	0	2
945837	A	T	1	2	2	1	0	0	1	0	0	2	0	0	0	2
945911	T	C	1	2	2	1	0	0	1	0	0	2	0	0	0	2
945944	T	C	1	2	2	1	0	0	1	0	0	2	0	0	0	2
946162	C	G	1	2	2	1	0	0	1	0	0	2	0	0	0	2
